26637678 0
    126 2
     69 3
    144 4
     46 5
     35 6
     52 7
     41 8
     37 9
     38 10
    137 11
     78 12
     38 13
     40 14
     43 15
     61 16
     69 17
     67 18
   9903 19
   7934 20
   4328 21
   2181 22
   1323 23
    710 24
    511 25
    644 26
    410 27
    384 28
    538 29
    350 30
    363 31
    410 32
    371 33
    337 34
    385 35
    390 36
    326 37
    419 38
    420 39
    437 40
    525 41
    476 42
    308 43
    448 44
    411 45
    404 46
    444 47
    378 48
    377 49
    519 50
    366 51
    413 52
    554 53
    996 54
    413 55
    578 56
    450 57
    727 58
   1041 59
    855 60
    538 61
    902 62
    646 63
    920 64
    657 65
    627 66
    544 67
    671 68
    600 69
    590 70
    735 71
    670 72
    701 73
    858 74
    750 75
    825 76
   1092 77
    913 78
    890 79
   1001 80
    896 81
   1073 82
   1122 83
   1117 84
   1115 85
   1239 86
   1501 87
   1266 88
   1412 89
   1421 90
   1387 91
   1424 92
   1449 93
   1562 94
   1688 95
   1609 96
   1718 97
   1922 98
   1756 99
   1861 100
   1886 101
   2109 102
   2107 103
   2193 104
   2309 105
   2326 106
   2556 107
   2408 108
   2496 109
   2664 110
   2806 111
   2787 112
   2896 113
   2917 114
   2997 115
   3073 116
   3317 117
   3254 118
   3469 119
   3292 120
   3654 121
   4490 122
   5186 123
   3708 124
   4022 125
   3853 126
   4128 127
   4125 128
   4400 129
   4056 130
   4560 131
   4397 132
   4553 133
   4804 134
   4871 135
   4739 136
   5512 137
   5229 138
   5241 139
   5329 140
   5659 141
   5450 142
   5755 143
   5894 144
   6029 145
   6147 146
   6566 147
   6177 148
   6470 149
   6500 150
   6822 151
   7110 152
   7359 153
   7345 154
   7552 155
   7714 156
   7622 157
   7833 158
   7877 159
   8044 160
   8368 161
   8562 162
   8493 163
   9034 164
   8998 165
   9223 166
   9374 167
   9799 168
  10043 169
  10299 170
  10531 171
  10591 172
  10672 173
  11295 174
  11055 175
  12071 176
  11804 177
  12058 178
  12306 179
  12110 180
  12589 181
  12843 182
  13291 183
  13368 184
  13781 185
  14150 186
  14342 187
  14425 188
  14906 189
  15064 190
  15848 191
  16423 192
  15828 193
  16535 194
  17069 195
  16877 196
  17756 197
  17786 198
  18322 199
  18756 200
  18770 201
  19460 202
  19976 203
  20270 204
  19881 205
  21596 206
  22040 207
  22537 208
  22980 209
  23799 210
  23235 211
  24310 212
  24692 213
  24202 214
  25363 215
  25609 216
  25509 217
  27152 218
  26293 219
  27316 220
  27858 221
  27932 222
  28902 223
  29658 224
  29930 225
  29266 226
  30986 227
  31021 228
  31661 229
  32357 230
  32719 231
  33790 232
  34465 233
  34114 234
  34528 235
  36390 236
  35958 237
  36658 238
  37895 239
  37711 240
  38527 241
  38940 242
  39824 243
  40208 244
  41105 245
  41788 246
  41438 247
  42949 248
  43439 249
  44640 250
  46057 251
  46144 252
  47572 253
  47896 254
  48371 255
  49376 256
  49572 257
  50058 258
  50354 259
  52332 260
  53034 261
  53803 262
  54154 263
  54973 264
  55516 265
  56761 266
  57731 267
  57602 268
  59438 269
  59191 270
  60038 271
  61495 272
  62342 273
  62820 274
  63977 275
  64136 276
  64551 277
  66461 278
  66502 279
  67020 280
  68396 281
  68349 282
  69154 283
  70658 284
  71311 285
  71232 286
  72540 287
  72330 288
  72688 289
  74717 290
  74290 291
  75847 292
  76582 293
  77145 294
  77962 295
  77817 296
  78807 297
  79090 298
  80964 299
  82120 300
  81678 301
  82674 302
  82699 303
  83573 304
  84288 305
  84087 306
  84367 307
  85298 308
  84902 309
  84549 310
  85971 311
  86455 312
  87274 313
  87676 314
  87184 315
  86761 316
  88473 317
  88356 318
  89244 319
  89085 320
  88495 321
  88809 322
  89325 323
  89885 324
  88641 325
  89572 326
  88988 327
  89289 328
  89563 329
  89799 330
  89508 331
  89765 332
  89968 333
  89466 334
  89344 335
  88980 336
  88309 337
  89620 338
  89875 339
  88891 340
  89586 341
  88422 342
  88581 343
  88116 344
  87025 345
  87883 346
  86888 347
  87066 348
  86258 349
  86894 350
  86447 351
  85800 352
  84788 353
  84029 354
  84437 355
  83937 356
  83994 357
  82840 358
  82108 359
  82388 360
  81153 361
  81211 362
  80853 363
  80577 364
  84140 365
  79655 366
  79152 367
  78969 368
  77956 369
  77490 370
  76383 371
  76068 372
  75847 373
  75393 374
  74937 375
  74226 376
  73987 377
  73029 378
  72349 379
  72428 380
  71590 381
  71474 382
  70739 383
  69880 384
  69213 385
  68700 386
  68300 387
  67904 388
  67340 389
  65979 390
  65980 391
  65767 392
  64134 393
  63972 394
  62889 395
  62919 396
  62064 397
  61719 398
  61501 399
  60348 400
  59977 401
  58652 402
  58824 403
  58329 404
  58149 405
  56707 406
  55782 407
  55533 408
  54849 409
  54548 410
  53892 411
  52740 412
  52097 413
  52024 414
  51143 415
  50935 416
  50213 417
  49913 418
  48520 419
  48795 420
  48258 421
  48229 422
  46159 423
  46063 424
  45463 425
  45289 426
  44900 427
  44058 428
  43426 429
  42792 430
  42554 431
  41733 432
  41168 433
  41144 434
  40001 435
  39625 436
  39229 437
  38627 438
  38209 439
  37781 440
  36776 441
  36779 442
  36197 443
  35282 444
  34959 445
  34805 446
  34094 447
  33831 448
  33155 449
  32748 450
  32446 451
  32149 452
  31697 453
  30794 454
  30518 455
  30230 456
  29619 457
  29228 458
  27999 459
  28128 460
  28535 461
  27431 462
  27388 463
  26772 464
  25971 465
  25879 466
  25283 467
  24914 468
  24606 469
  24248 470
  23844 471
  23188 472
  23324 473
  23124 474
  22049 475
  21838 476
  21170 477
  21163 478
  20628 479
  20460 480
  19701 481
  19979 482
  19320 483
  19158 484
  18696 485
  18317 486
  18287 487
  17960 488
  17871 489
  17127 490
  17215 491
  16595 492
  16358 493
  16466 494
  15979 495
  15659 496
  15285 497
  14679 498
  14640 499
  14288 500
  14171 501
  13655 502
  13511 503
  13168 504
  13346 505
  13214 506
  12608 507
  12388 508
  12165 509
  11948 510
  11625 511
  11543 512
  10957 513
  10783 514
  10797 515
  10682 516
  10170 517
  10490 518
  10057 519
   9558 520
   9645 521
   9327 522
   9135 523
   8823 524
   8639 525
   9014 526
   8306 527
   8507 528
   8091 529
   7806 530
   7701 531
   7598 532
   7560 533
   7326 534
   6908 535
   6764 536
   6674 537
   6773 538
   6621 539
   6357 540
   6261 541
   6104 542
   6023 543
   5901 544
   5679 545
   5531 546
   5426 547
   5224 548
   5157 549
   5159 550
   4962 551
   5086 552
   4491 553
   4734 554
   4435 555
   4413 556
   4246 557
   4279 558
   4097 559
   4082 560
   3730 561
   4001 562
   3763 563
   3768 564
   3366 565
   3548 566
   3478 567
   3338 568
   3211 569
   3111 570
   3213 571
   3054 572
   2824 573
   3104 574
   2797 575
   2807 576
   2629 577
   2612 578
   2658 579
   2603 580
   2416 581
   2440 582
   2390 583
   2311 584
   2320 585
   2393 586
   2194 587
   2173 588
   1908 589
   1850 590
   1952 591
   1851 592
   1914 593
   1952 594
   1743 595
   1730 596
   1696 597
   1629 598
   1595 599
   1614 600
   1441 601
   1474 602
   1436 603
   1433 604
   1424 605
   1374 606
   1323 607
   1238 608
   1237 609
   1158 610
   1101 611
   1161 612
   1126 613
   1086 614
   1096 615
    959 616
   1089 617
   1047 618
    950 619
    980 620
    912 621
    920 622
    903 623
    807 624
    855 625
    805 626
    851 627
    802 628
    754 629
    792 630
    790 631
    733 632
    648 633
    711 634
    638 635
    648 636
    670 637
    576 638
    606 639
    584 640
    614 641
    496 642
    586 643
    562 644
    456 645
    540 646
    526 647
    504 648
    504 649
    420 650
    411 651
    411 652
    458 653
    463 654
    407 655
    428 656
    378 657
    424 658
    397 659
    381 660
    321 661
    336 662
    307 663
    319 664
    268 665
    281 666
    340 667
    353 668
    278 669
    317 670
    246 671
    273 672
    296 673
    246 674
    248 675
    263 676
    225 677
    198 678
    219 679
    213 680
    200 681
    234 682
    214 683
    196 684
    199 685
    196 686
    186 687
    169 688
    180 689
    157 690
    177 691
    168 692
    169 693
    155 694
    171 695
    157 696
    181 697
    142 698
    164 699
     94 700
    105 701
    134 702
    103 703
    121 704
    109 705
    143 706
    145 707
    107 708
    107 709
    103 710
     98 711
    110 712
    105 713
    116 714
    113 715
     85 716
    136 717
     91 718
    108 719
    108 720
    118 721
     77 722
     96 723
     81 724
     55 725
     61 726
     94 727
     67 728
     74 729
     54 730
     76 731
     65 732
     62 733
     78 734
     43 735
     61 736
     58 737
     28 738
     59 739
     53 740
     54 741
     47 742
     53 743
     20 744
     51 745
     46 746
     60 747
     32 748
     41 749
     61 750
     63 751
     48 752
     28 753
     31 754
     46 755
     48 756
     54 757
     61 758
     44 759
     28 760
     41 761
     37 762
     43 763
     39 764
     38 765
     43 766
     27 767
     44 768
     26 769
     21 770
     39 771
     35 772
     45 773
     23 774
     48 775
     30 776
     39 777
     21 778
     30 779
     28 780
     43 781
     43 782
     29 783
     31 784
     22 785
     19 786
     30 787
     43 788
     19 789
     24 790
     21 791
     24 792
     26 793
     22 794
     23 795
     29 796
     25 797
     27 798
     24 799
     23 800
     28 801
     27 802
     31 803
     31 804
     13 805
     12 806
     35 807
     17 808
     21 809
     30 810
     23 811
     21 812
     18 813
     20 814
     17 815
     19 816
     18 817
     20 818
     19 819
     11 820
     18 821
     22 822
     12 823
     27 824
     20 825
     12 826
     11 827
     26 828
     26 829
     39 830
      9 831
     17 832
     21 833
     25 834
     14 835
     28 836
     19 837
     16 838
     14 839
     11 840
     11 841
      8 842
     15 843
     13 844
     19 845
     10 846
     16 847
     11 848
     10 849
     21 850
     18 851
     15 852
     25 853
     21 854
     17 855
     10 856
     22 857
     15 858
     16 859
     13 860
     26 861
      9 862
     30 863
     11 864
      4 865
     11 866
     16 867
     14 868
     11 869
     11 870
     21 871
     20 872
      9 873
     17 874
     11 875
     20 876
     12 877
     17 878
     14 879
     11 880
     12 881
     12 882
      9 883
     12 884
     12 885
      8 886
     10 887
      9 888
     14 889
      5 890
     13 891
     19 892
      6 893
      8 894
     17 895
     10 896
     19 897
      8 898
     13 899
      9 900
     14 901
     10 902
     16 903
     13 904
     16 905
      9 906
      7 907
     17 908
      8 909
      6 910
      6 911
      7 912
     17 913
     13 914
     12 915
     22 916
     10 917
      3 918
      5 919
     10 920
      5 921
     14 922
     21 923
     16 924
     17 925
      9 926
     12 927
      5 928
     14 929
     13 930
     15 931
      4 932
     14 933
      6 934
      9 935
     16 936
     15 937
     12 938
      9 939
     17 940
      8 941
      9 942
     16 943
      1 944
      4 945
      7 946
     12 947
     15 948
     16 949
     12 950
     11 951
      7 952
     18 953
      8 954
      8 955
      5 956
      4 957
      5 958
      1 959
      5 960
      7 961
      8 962
     16 963
      6 964
      6 965
      8 966
      5 967
      3 968
      9 969
     14 970
     15 971
      8 972
      4 973
     10 974
      3 975
      8 976
      4 977
     14 978
      4 979
      3 980
      5 981
     12 982
      4 983
      5 984
      8 985
      7 986
      6 987
      6 988
     12 989
     10 990
      6 991
     14 992
     15 993
      9 994
     15 995
      6 996
      2 997
     12 998
      8 999
      9 1000
      9 1001
     13 1002
      6 1003
     16 1004
      9 1005
     15 1006
     15 1007
      3 1008
      7 1009
     11 1010
      8 1011
      6 1012
      7 1013
      8 1014
     12 1015
      6 1016
     10 1017
      7 1018
      5 1019
     11 1020
      6 1021
     11 1022
      5 1024
      5 1025
     11 1026
     11 1027
      5 1028
      6 1029
      2 1030
      7 1031
      5 1032
      8 1033
      6 1034
      7 1035
      5 1036
      1 1037
     15 1038
      1 1039
     11 1040
      7 1041
      7 1042
      8 1043
      5 1044
      7 1045
      4 1046
     10 1047
     11 1048
      6 1049
      1 1050
      6 1051
      4 1052
      4 1053
      9 1054
      5 1055
     10 1056
      5 1057
      5 1058
      6 1059
      4 1060
     12 1061
      6 1062
      3 1063
     12 1064
      8 1066
      2 1067
      9 1068
     12 1069
      7 1070
      3 1071
      7 1072
      6 1073
      7 1074
      2 1076
      3 1077
     13 1078
      7 1079
      6 1080
      3 1081
      9 1082
      5 1083
      6 1084
      3 1085
     11 1086
      4 1087
      5 1088
      6 1089
      2 1090
      4 1091
      7 1092
     11 1093
      4 1094
      6 1095
      9 1096
     14 1097
     12 1098
     10 1099
      8 1100
      6 1101
      8 1102
      2 1103
      2 1104
      9 1105
     11 1106
      5 1107
      5 1108
      6 1109
      6 1110
      4 1111
      4 1112
      6 1113
      2 1114
      4 1115
      2 1116
      5 1117
      3 1118
      3 1119
      4 1120
      4 1121
      1 1124
      6 1125
     13 1126
      5 1127
      8 1128
      2 1129
     10 1130
      2 1131
      4 1132
      4 1133
      6 1134
      8 1135
      9 1136
      3 1137
     10 1138
      7 1139
      6 1140
      1 1141
      9 1142
      2 1143
      7 1144
      7 1145
     12 1146
      3 1147
      6 1148
      3 1149
      4 1150
     11 1151
      9 1152
      6 1153
      7 1154
      5 1155
      5 1156
      1 1157
      8 1158
      6 1159
      1 1161
      3 1163
     10 1164
      1 1165
      5 1166
      4 1167
      3 1168
      7 1169
      2 1170
      2 1171
      8 1172
      6 1173
      1 1174
      6 1175
      5 1176
      5 1177
      2 1178
      1 1179
      6 1180
      9 1181
      4 1182
      1 1183
      4 1184
      2 1185
      6 1186
      7 1187
      2 1188
      4 1189
      4 1190
      2 1192
      3 1193
      5 1194
      4 1195
      2 1196
      7 1197
      4 1198
      4 1199
      9 1200
      6 1201
      8 1202
      3 1203
      5 1204
      3 1205
      2 1206
      2 1207
      1 1208
      4 1209
      5 1211
      2 1212
      3 1213
      3 1214
      5 1215
      4 1216
      3 1217
      1 1218
      6 1219
      7 1220
      3 1221
      3 1222
      3 1223
      1 1224
      5 1226
      2 1227
      4 1229
      2 1230
      3 1232
      8 1233
      6 1234
      6 1235
      4 1236
      1 1237
      2 1238
      5 1239
      2 1240
      2 1241
      4 1242
      3 1243
      5 1244
      3 1245
      5 1246
      1 1247
      4 1248
      2 1249
      3 1251
      4 1253
      4 1254
      2 1255
      2 1256
      2 1257
      3 1258
      4 1259
      2 1260
      2 1261
      3 1262
      2 1263
      2 1264
      2 1265
      6 1266
      2 1267
      3 1268
      6 1269
      5 1270
      3 1271
      2 1272
      2 1273
      4 1275
      3 1276
      2 1277
      4 1278
      2 1280
      1 1281
      2 1283
      4 1284
      1 1285
      2 1286
      4 1287
      2 1288
      3 1289
      2 1290
      2 1291
      3 1293
      2 1294
      5 1296
      2 1297
      2 1298
      4 1300
      6 1301
      5 1303
      1 1304
      2 1306
      3 1307
      4 1308
      4 1309
      3 1310
      4 1311
      1 1313
      2 1314
      2 1315
      2 1317
      2 1318
      3 1319
      2 1321
      2 1322
      1 1323
      5 1325
      5 1326
      1 1327
      2 1329
      4 1330
      2 1331
      2 1332
      2 1334
      3 1336
      6 1337
      2 1338
      5 1339
      1 1340
      2 1342
      4 1343
      3 1345
      2 1346
      2 1348
      4 1349
      4 1350
      1 1351
      1 1352
      2 1353
      1 1354
      2 1355
      5 1356
      1 1357
      3 1358
      1 1359
      2 1360
      3 1361
      1 1363
      3 1364
      2 1366
      2 1367
      3 1369
      4 1370
      2 1373
      6 1374
      2 1377
      1 1378
      1 1379
      5 1382
      5 1383
      2 1384
      2 1385
      2 1386
      2 1387
      4 1388
      2 1392
      2 1393
      1 1395
      5 1397
      2 1398
      2 1399
      4 1400
      1 1401
      8 1403
      4 1406
      3 1408
      5 1411
      4 1412
      1 1413
      1 1414
      2 1415
      5 1416
      1 1417
      2 1418
      3 1419
      3 1420
      1 1422
      1 1423
      3 1425
      1 1427
      2 1429
      2 1430
      2 1432
      4 1433
      2 1434
      3 1436
      4 1438
      2 1439
      1 1443
      2 1444
      2 1446
      3 1447
      4 1449
      1 1450
      3 1451
      2 1454
      2 1455
      3 1460
      1 1461
      2 1464
      2 1466
      1 1467
      1 1470
      4 1471
      2 1475
      1 1476
      2 1478
      5 1479
      2 1480
      1 1481
      3 1482
      3 1483
      3 1485
      2 1487
      3 1488
      2 1491
      2 1492
      8 1493
      2 1494
      1 1496
      2 1497
      2 1501
      4 1502
      3 1503
      2 1504
      1 1505
      4 1506
      1 1509
      4 1510
      4 1511
      2 1514
      3 1515
      1 1517
      1 1520
      3 1521
      1 1523
      1 1526
      5 1528
      2 1530
      6 1531
      2 1534
      3 1535
      2 1536
      1 1537
      1 1539
      6 1540
      6 1541
      1 1542
      1 1543
      6 1544
      2 1545
      3 1548
      2 1549
      2 1551
      5 1553
      1 1555
      2 1556
      2 1557
      1 1558
      1 1559
      2 1562
      1 1567
      2 1571
      2 1573
      4 1575
      1 1578
      1 1579
      1 1580
      4 1582
      4 1583
      8 1584
      2 1586
      1 1587
      2 1588
      2 1589
      4 1591
      2 1594
      3 1596
      1 1597
      1 1598
      1 1599
      1 1601
      2 1604
      1 1607
      2 1608
      2 1609
      2 1611
      5 1613
      3 1618
      2 1619
      2 1621
      2 1622
      1 1623
      2 1625
      1 1627
      2 1628
      5 1630
      2 1631
      2 1632
      2 1635
      2 1637
      1 1639
      1 1645
      2 1646
      4 1647
      1 1649
      2 1650
      2 1654
      2 1655
      6 1657
      2 1659
      2 1662
      2 1664
      2 1665
      1 1667
      1 1668
      4 1669
      2 1674
      2 1678
      3 1679
      2 1682
      2 1683
      2 1686
      1 1688
      4 1689
      1 1690
      3 1691
      2 1692
      2 1693
      2 1694
      1 1695
      4 1699
      1 1703
      2 1704
      2 1706
      3 1709
      2 1710
      2 1712
      2 1716
      2 1717
      4 1718
      4 1719
      1 1721
      1 1724
      2 1726
      2 1727
      4 1728
      2 1730
      4 1731
      4 1735
      1 1736
      1 1737
      3 1740
      1 1743
      3 1744
      1 1745
      4 1746
      2 1747
      2 1749
      2 1753
      1 1754
      2 1757
      2 1762
      3 1763
      2 1768
      3 1771
      1 1779
      1 1783
      1 1784
      2 1787
      2 1790
      2 1794
      2 1803
      1 1804
      2 1807
      3 1811
      1 1825
      1 1827
      2 1828
      2 1830
      3 1831
      2 1836
      2 1837
      1 1839
      2 1840
      4 1842
      1 1843
      2 1844
      3 1845
      3 1846
      2 1847
     12 1848
      2 1850
      1 1852
      2 1855
      2 1859
      2 1860
      2 1861
      5 1865
      1 1866
      1 1869
      2 1874
      1 1876
      2 1886
      2 1890
      2 1892
      2 1894
      3 1900
      2 1903
      2 1906
      2 1907
      3 1908
      1 1910
      4 1911
      1 1915
      6 1916
      2 1919
      1 1921
      2 1925
      2 1931
      3 1933
      2 1937
      2 1938
      2 1939
      3 1940
      1 1941
      2 1943
      2 1945
      6 1946
      6 1947
      1 1950
      5 1952
      4 1955
      1 1959
      2 1961
      1 1963
      2 1967
      2 1974
      3 1978
      2 1979
      4 1980
      2 1984
      2 1985
      1 1986
      3 1987
      5 1988
      2 1991
      3 1994
      4 2000
      2 2001
      1 2003
      3 2005
      2 2009
      2 2012
      2 2014
      4 2016
      1 2017
      2 2018
      2 2024
      2 2026
      1 2030
      2 2031
      2 2032
      2 2033
      2 2034
      6 2037
      6 2038
      4 2039
      2 2041
      3 2043
      4 2045
      1 2046
      2 2047
      1 2048
      1 2049
      2 2050
      2 2051
      9 2054
      1 2059
      1 2060
      1 2064
      2 2066
      2 2069
      1 2070
      2 2072
      1 2081
      2 2084
      4 2085
      2 2090
      2 2091
      1 2097
      2 2104
      2 2106
      2 2114
      4 2119
      2 2120
      1 2123
      1 2125
      2 2128
      1 2134
      2 2137
      2 2138
      1 2140
      1 2142
      3 2157
      1 2159
      2 2160
      1 2165
      2 2170
      1 2180
      2 2186
      1 2195
      3 2196
      3 2197
      1 2201
      6 2205
      2 2232
      1 2237
      2 2238
      2 2239
      1 2250
      1 2256
      1 2267
      6 2273
      2 2274
      1 2277
      2 2284
      1 2286
      4 2289
      2 2301
      2 2302
      4 2315
      1 2317
      2 2326
      4 2328
      1 2331
      2 2334
      2 2343
      2 2345
      2 2346
      2 2353
      1 2359
      2 2362
      3 2368
      2 2372
      2 2373
      3 2398
      1 2400
      1 2401
      1 2408
      1 2412
      2 2418
      1 2437
      2 2463
      2 2465
      2 2471
      2 2472
      2 2475
      2 2476
      2 2486
      4 2495
      1 2507
      1 2510
      2 2512
      1 2513
      2 2514
      2 2515
      1 2516
      1 2517
      1 2523
      2 2525
      1 2535
      1 2537
      1 2544
      2 2546
      2 2550
      3 2555
      1 2559
      2 2564
      2 2568
      3 2577
      2 2582
      2 2583
      2 2586
      1 2602
      1 2613
      1 2624
      3 2630
      1 2640
      2 2645
      1 2646
      2 2653
      2 2669
      2 2670
      1 2675
      2 2679
      2 2702
      1 2704
      1 2708
      3 2711
      2 2725
      2 2734
      1 2735
      2 2741
      2 2748
      1 2752
      1 2753
      4 2761
      1 2771
      3 2773
      1 2780
      2 2781
      2 2782
      1 2787
      1 2808
      2 2811
      2 2814
      2 2825
      2 2831
      2 2834
      1 2845
      1 2847
      4 2850
      2 2855
      2 2858
      2 2859
      4 2861
      2 2862
      2 2869
      2 2873
      2 2877
      1 2880
      2 2883
      2 2886
      1 2888
      2 2890
      2 2893
      2 2898
      1 2904
      2 2915
      2 2931
      1 2934
      2 2944
      6 2948
      2 2955
      4 2958
      6 2967
      4 2968
      2 2973
      2 2982
      4 3005
      2 3007
      2 3029
      2 3032
      1 3043
      2 3047
      2 3051
      1 3052
      2 3065
      2 3072
      2 3089
      1 3091
      2 3093
      1 3096
      2 3097
      2 3107
      4 3109
      4 3110
      2 3111
      4 3115
      1 3125
      2 3134
      1 3135
      2 3141
      2 3151
      2 3164
      2 3172
      2 3181
      1 3183
      2 3185
      4 3187
      2 3188
      2 3202
      2 3205
      2 3223
      2 3227
      1 3234
      2 3236
      2 3255
      2 3264
      2 3269
      2 3270
      2 3278
      2 3280
      4 3300
      2 3302
      2 3329
      2 3356
      2 3365
      4 3374
      2 3377
      2 3401
      1 3410
      2 3416
      2 3424
      2 3427
      2 3444
      2 3473
      2 3477
      2 3479
      2 3495
      2 3512
      2 3540
      2 3550
      1 3551
      2 3566
      2 3568
      2 3572
      2 3576
      2 3579
      2 3580
      2 3596
      2 3609
      2 3618
      2 3619
      2 3622
      2 3639
      2 3642
      2 3643
      2 3645
      1 3647
      4 3653
      1 3675
      2 3698
      2 3719
      2 3720
      2 3726
      2 3736
      2 3739
      2 3742
      1 3743
      2 3754
      1 3755
      2 3770
      2 3780
      2 3784
      2 3788
      2 3792
      4 3795
      1 3800
      2 3801
      2 3807
      2 3808
      2 3816
      2 3818
      2 3826
      2 3836
      2 3838
      2 3843
      2 3846
      1 3847
      2 3848
      2 3849
      3 3861
      4 3870
      2 3882
      2 3884
      2 3885
      2 3888
      2 3889
      2 3891
      2 3892
      2 3894
      2 3904
      4 3915
      2 3917
      2 3920
      1 3923
      2 3926
      2 3935
      1 3954
      1 3956
      2 3964
      2 3970
      2 3972
      2 3976
      2 3978
      2 3985
      4 3987
      2 3988
      2 3993
      2 4010
      1 4016
      2 4028
      3 4029
      2 4030
      2 4035
      1 4039
      2 4045
      2 4048
      2 4056
      2 4065
      6 4067
      2 4068
      2 4076
      3 4081
      2 4100
      3 4115
      1 4116
      1 4120
      2 4123
      2 4129
      2 4136
      2 4137
      4 4138
      2 4145
      2 4147
      1 4164
      2 4166
      2 4175
      2 4181
      2 4198
      4 4201
      2 4206
      2 4211
      4 4218
      2 4230
      2 4233
      2 4237
      2 4241
      1 4244
      2 4247
      2 4250
      2 4257
      2 4262
      2 4263
      2 4265
      2 4268
      2 4278
      1 4289
      4 4290
      2 4295
      2 4306
      1 4312
      2 4344
      2 4359
      2 4380
      2 4382
      2 4387
      2 4389
      1 4390
      2 4391
      2 4392
      2 4405
      2 4412
      2 4430
      2 4456
      1 4469
      1 4484
      2 4490
      2 4499
      2 4501
      1 4504
      1 4511
      2 4513
      2 4523
      1 4535
      2 4552
      2 4560
      2 4567
      2 4589
      2 4595
      2 4632
      2 4635
      2 4640
      1 4649
      8 4658
      2 4703
      2 4717
      2 4737
      2 4761
      1 4763
      1 4812
      3 4817
      1 4818
      2 4849
      1 4851
      2 4862
      2 4890
      4 4899
      2 4902
      2 4904
      4 4909
      1 4911
      2 4925
      2 4932
      2 4943
      2 4945
      4 4949
      1 4950
      2 4952
      2 4953
      2 4966
      4 4969
      2 4971
      4 4974
      2 4975
      2 4976
      4 4977
      2 4979
      4 4981
      2 4984
      2 4987
      2 4992
      2 4995
      2 4997
      4 5001
      2 5006
      2 5007
      2 5009
      2 5010
      2 5014
      2 5015
      2 5016
      6 5017
      2 5018
      2 5019
      2 5020
      2 5022
      2 5025
      2 5026
      4 5027
      2 5028
      2 5029
      2 5030
      4 5032
      2 5033
      4 5034
      4 5035
      4 5036
      4 5039
      2 5040
      6 5042
      8 5043
      2 5044
      2 5045
      2 5046
      2 5047
      2 5049
      6 5050
      4 5051
      6 5052
      4 5053
      2 5055
      1 5057
      2 5058
      2 5059
      4 5061
      4 5062
      2 5064
      2 5066
      2 5067
      4 5068
      2 5069
      2 5070
      2 5071
      2 5072
      4 5074
      4 5075
      4 5078
      6 5079
      2 5081
      2 5082
      2 5083
      2 5084
      2 5085
      2 5086
      2 5093
      2 5102
      4 5111
      1 5114
      2 5116
      2 5125
      6 5127
      4 5128
      2 5129
      2 5132
      6 5136
      2 5153
      2 5184
      2 5253
      2 5278
      1 5375
      2 5400
      2 5410
      2 5417
      2 5424
      1 5435
      2 5452
      2 5463
      2 5467
      2 5471
      2 5508
      2 5518
      2 5523
      4 5534
      2 5536
      2 5544
      4 5545
      1 5563
      2 5570
      2 5575
      2 5594
      2 5600
      1 5607
      2 5614
      1 5632
      4 5637
      4 5648
      2 5668
      2 5687
      2 5709
      2 5713
      1 5716
      2 5719
      2 5721
      2 5752
      2 5759
      2 5767
      1 5769
      6 5770
      2 5783
      2 5788
      2 5790
      4 5792
      1 5793
      1 5805
      2 5809
      2 5810
      2 5831
      2 5837
      2 5838
      2 5840
      2 5843
      2 5844
      2 5845
      2 5847
      2 5848
      2 5849
      2 5852
      2 5859
      2 5860
      4 5861
      2 5862
      1 5865
      6 5867
      4 5875
      1 5883
      2 5885
      1 5887
      2 5889
      2 5893
      4 5894
      4 5896
      2 5900
      4 5906
      2 5913
      2 5915
      4 5917
      2 5924
      2 5925
      2 5926
      2 5933
      4 5937
      4 5939
      2 5945
      6 5947
      2 5950
      1 5951
      2 5957
      2 5959
      2 5961
      1 5963
      2 5967
      2 5976
      2 5980
      2 5985
      1 5986
      1 5988
      2 5989
      2 5993
      2 5994
      2 5995
      6 5998
      6 6002
      2 6003
      2 6006
      6 6008
      4 6014
      2 6024
      1 6030
      1 6032
      2 6036
      6 6037
      4 6039
      1 6041
      2 6047
      4 6053
      4 6054
      2 6063
      2 6065
      2 6066
      2 6067
      2 6068
      2 6071
      1 6072
      2 6074
      4 6076
      2 6078
      4 6081
      8 6083
      4 6084
      4 6086
      2 6087
      2 6088
      2 6089
      4 6090
      2 6094
      2 6097
      3 6099
      4 6102
      3 6120
      2 6121
      2 6123
      2 6124
      2 6129
      2 6139
      2 6153
      1 6158
      2 6159
      4 6160
      2 6161
      2 6176
      2 6186
      2 6188
      2 6192
      2 6203
      2 6210
      2 6274
      2 6315
      2 6327
      1 6330
      2 6331
      2 6353
      1 6359
      2 6374
      2 6405
      2 6408
      2 6418
      4 6422
      1 6460
      2 6479
      1 6492
      2 6498
      2 6501
      2 6509
      2 6531
      1 6543
      4 6550
      2 6560
      2 6569
      2 6571
      1 6622
      2 6625
      2 6632
      2 6640
      2 6668
      2 6673
      2 6677
      2 6683
      2 6689
      1 6714
      2 6725
      2 6727
      2 6732
      1 6749
      2 6765
      2 6767
      2 6820
      1 6821
      2 6843
      2 6857
      2 6872
      2 6877
      1 6878
      2 6929
      2 6930
      4 6960
      2 6993
      2 7034
      2 7065
      2 7142
      1 7147
      4 7180
      2 7189
      4 7202
      2 7208
      2 7251
      2 7252
      2 7280
      2 7282
      2 7289
      2 7294
      2 7306
      2 7310
      4 7311
      2 7317
      2 7337
      2 7348
      2 7349
      2 7357
      6 7366
      2 7367
      2 7369
      2 7370
      2 7374
      2 7377
      2 7380
      2 7382
      2 7386
      2 7387
      2 7391
      4 7396
      2 7401
      2 7402
      2 7403
      2 7407
      2 7409
      2 7412
      4 7421
      2 7425
      2 7427
      4 7429
      2 7433
      2 7442
      2 7444
      2 7449
      4 7451
      2 7453
      4 7455
      1 7456
      6 7462
      2 7464
      2 7465
      2 7466
      2 7479
      2 7486
      2 7498
      2 7499
      2 7505
      2 7508
      2 7514
      2 7533
      2 7543
      2 7544
      4 7558
      2 7559
      2 7561
      4 7588
      1 7589
      2 7602
      2 7623
      2 7630
      2 7659
      2 7684
      4 7695
      2 7722
      2 7733
      2 7757
      2 7794
      6 7804
      2 7816
      2 7817
      1 7830
      2 7834
      2 7840
      2 7841
      2 7842
      2 7851
      2 7860
      2 7877
      2 7884
      2 7892
      2 7904
      2 7937
      4 7950
      2 7958
      2 7964
      2 7968
      2 7971
      2 7980
      2 7993
      2 8020
      4 8039
      2 8045
      4 8098
      2 8109
      1 8148
      1 8152
      2 8156
      2 8161
      2 8197
      2 8250
      2 8264
      2 8278
      4 8304
      2 8317
      2 8321
      2 8326
      2 8358
      2 8362
      2 8371
      2 8385
      2 8386
      2 8393
      1 8438
      2 8451
      2 8453
      2 8458
      2 8459
      2 8463
      4 8479
      4 8495
      2 8497
      2 8511
      2 8523
      2 8524
      2 8530
      1 8532
      2 8539
      1 8540
      1 8614
      2 8631
      1 8635
      4 8643
      2 8659
      1 8680
      4 8681
      2 8726
      2 8730
      2 8740
      2 8749
      2 8767
      2 8780
      4 8785
      2 8791
      2 8796
      2 8798
      2 8801
      4 8802
      2 8805
      2 8812
      2 8816
      2 8822
      2 8826
      4 8828
      2 8830
      2 8836
      2 8849
      2 8852
      2 8856
      4 8857
      2 8861
      4 8862
      2 8863
      2 8864
      2 8870
      4 8877
      4 8884
      2 8888
      2 8891
      4 8896
      2 8898
      2 8904
      2 8910
      2 8912
      2 8915
      4 8924
      2 8929
      4 8936
      3 8942
      4 8946
      4 8951
      2 8959
      2 8964
      2 8969
      2 8973
      2 8978
      2 8981
      4 9001
      2 9102
      2 9157
      1 9182
      2 9185
      2 9275
      2 9284
      2 9290
      2 9343
      1 9358
      2 9415
      2 9565
      2 9654
      2 9658
      4 9838
      2 10249
      1 10980
      2 12310
      1 12393
      1 12405
      1 12431
      1 12450
      1 12594
      2 12637
      2 12685
      1 12743
      4 12745
      2 12788
      2 12818
      2 12835
      2 12837
      2 12839
      2 12844
      4 12849
      2 12853
      2 12857
      2 12859
      2 12870
      4 12906
      4 12908
      2 12911
      4 12912
      2 12919
      4 12921
      2 12922
      4 12924
      2 12938
      2 12942
      2 12962
      2 12985
      2 12992
      4 12999
      4 13005
      2 13033
      2 13043
      2 13058
      2 13061
      2 13074
      2 13088
      2 13090
      1 13101
      1 13107
      1 13188
      1 13321
      1 13338
      1 13596
      4 14254
      2 14275
      2 14302
      2 14309
      2 14367
      2 14377
      2 14389
      2 14391
      2 14403
      2 14435
      2 14440
      2 14441
      2 14443
      2 14448
      2 14462
      2 14963
      2 15007
      2 15092
      2 15115
      4 15139
      2 15203
      2 15476
      2 17211
      2 17269
      2 17331
      2 17349
      2 17352
      2 17375
      4 17378
      2 17383
      2 17568
      2 18354
      2 18390
      2 19851
      4 21362
      2 21440
      2 21445
      2 25820
      2 25940
      4 26139
      2 26142
      2 26151
      2 26164
      2 26165
      2 26217
      2 26233
      2 26318
      6 26483
      2 26558
      1 26656
      2 26672
      1 26692
      2 26735
      2 26759
      2 26878
      2 26909
      2 26916
      2 26925
      2 26928
      2 26937
      6 26949
      2 26995
      2 27204
      2 27300
      4 27350
      2 27352
      2 27360
      2 27385
      2 27387
      2 27959
      2 28236
      2 28245
      2 28264
      2 28269
      4 28288
      2 28292
      2 28306
      2 28321
      4 28330
      2 28376
      4 28420
      2 28443
      2 28538
      2 29757
      2 29759
      2 29858
      2 29890
      2 29898
      2 30014
      2 30081
      1 30618
      1 31088
      2 31243
      2 31439
      2 31477
      2 31532
      2 31648
      2 31696
      2 31697
      2 31698
      2 31702
      2 31705
      2 31707
      2 31711
      2 31727
      2 31729
      2 31751
      2 31767
      4 31768
      4 31770
      2 31773
      2 31778
      2 31779
      2 31786
      2 31795
      2 31796
      2 31805
      4 31809
      2 31813
      2 31814
      2 31815
      2 31818
      2 31824
      2 31826
      4 31828
      2 31832
      2 31834
      6 31836
      2 31837
      2 31838
      2 31839
      8 31844
      2 31845
      2 31847
      2 31848
      2 31849
      4 31851
      2 31853
      6 31855
      2 31858
      2 31862
      2 31865
      4 31867
      2 31868
      6 31870
      6 31873
      8 31874
      2 31878
      6 31879
     10 31880
      4 31881
      2 31882
     10 31883
      2 31886
      2 31888
      4 31889
      2 31890
      2 31892
      2 31893
      4 31894
      2 31898
      2 31900
      2 31902
      2 31903
      2 31904
     10 31905
      2 31906
      4 31907
      2 31908
      2 31909
      2 31911
      4 31914
      8 31916
      8 31917
      4 31918
      2 31920
      4 31924
      2 31925
      4 31926
      2 31928
      4 31929
      6 31930
      2 31933
      2 31935
      2 31937
      4 31938
      2 31939
      2 31940
      2 31943
      2 31944
      2 31945
      2 31946
      2 31947
      4 31948
      4 31949
      2 31955
      4 31956
      4 31957
      2 31959
      4 31960
      4 31961
      6 31962
      2 31963
      4 31964
      2 31965
      2 31968
      6 31973
      2 31975
      8 31977
      4 31982
      6 31983
      4 31984
      2 31989
      2 31990
     10 31991
      4 31994
      4 31995
      2 31997
      4 32000
      6 32001
      2 32004
      2 32006
      4 32013
      4 32014
      2 32015
      8 32017
      2 32018
      4 32019
      4 32020
      2 32021
      2 32022
      2 32028
      2 32039
      2 32046
      2 32069
      2 32630
      2 32735
      2 32792
      2 32796
      2 32827
      2 32875
      2 32915
      2 32972
      2 32978
      2 33010
      2 33057
      2 33067
      2 33075
      2 33081
      2 33099
      1 33196
      2 33227
      2 33250
      2 33271
      2 33278
      2 33300
      2 33355
      2 33402
      2 33478
      2 33523
      2 33544
      2 33559
      2 33560
      2 33584
      2 33595
      2 33626
      2 33635
      2 33641
      2 33651
      4 33656
      2 33661
      2 33667
      2 33671
      4 33701
      4 33702
      2 33716
      2 33758
      2 33818
      2 33918
      2 33933
      2 34082
      2 34095
      2 34322
      2 34357
      2 34397
      2 34427
      2 34429
      2 34439
      2 34461
      2 34579
      2 34613
      4 34669
      2 34673
      2 34706
      2 34708
      4 34709
      2 34712
      2 34715
      2 34721
      4 34734
      2 34737
      2 34747
      4 34751
      2 34759
      2 34760
      2 34763
      2 34767
      2 34771
      2 34772
      2 34774
      2 34775
      2 34776
      2 34777
      4 34779
      2 34780
      2 34782
      2 34783
      6 34789
      2 34792
      2 34804
      2 34805
      6 34810
      6 34813
      2 34814
      4 34818
      2 34819
      2 34820
      2 34825
      2 34826
      4 34827
      2 34828
      2 34835
      4 34838
      6 34839
      2 34841
      2 34843
      2 34844
      2 34846
      6 34847
      2 34848
      2 34849
      2 34862
      2 34869
      2 34881
      2 34907
      1 34912
      2 34917
      2 34924
      2 34952
      2 34963
      1 34988
      2 34997
      2 35013
      2 35068
      6 35081
      4 35117
      2 35155
      2 35161
      2 35190
      2 35199
      2 35202
      2 35206
      2 35227
      2 35229
      4 35236
      2 35238
      2 35248
      2 35250
      2 35253
      2 35258
      2 35260
      2 35261
      2 35263
      2 35264
      2 35265
      2 35266
      2 35267
      2 35273
      2 35275
      2 35279
      2 35281
      2 35287
      2 35291
      2 35292
      2 35298
      4 35301
      2 35302
      2 35306
      2 35308
      4 35309
      2 35312
      2 35315
      2 35316
      6 35317
      4 35321
      2 35324
      4 35326
      2 35327
      2 35328
      2 35332
      2 35336
      6 35339
      4 35340
      4 35344
      2 35347
      2 35348
      6 35350
      2 35351
      4 35352
      4 35353
      2 35354
      2 35356
      2 35357
      2 35358
      8 35362
      2 35363
      2 35364
      2 35365
      4 35368
      4 35370
      2 35371
      6 35372
      2 35375
      2 35379
      4 35383
      4 35386
      2 35387
      2 35388
      2 35390
      2 35391
      2 35392
      2 35393
      2 35395
      2 35396
      2 35397
      2 35399
      6 35400
      4 35401
      4 35402
      2 35403
      2 35404
      2 35405
      2 35408
      2 35411
      4 35413
      4 35415
      2 35423
      2 35424
      2 35426
      2 35428
      4 35431
      2 35434
      8 35438
      2 35439
      2 35440
      2 35442
      4 35453
      4 35457
      2 35465
      2 35467
      2 35468
      2 35623
      1 35656
      2 35671
      4 36063
      2 36081
      4 36082
      2 36107
      2 36129
      2 36158
      2 36182
      2 36195
      2 36203
      2 36208
      2 36257
      1 36261
      2 36362
      2 36372
      2 36386
      1 36418
      2 36425
      2 36431
      2 36440
      2 36446
      2 36451
      2 36466
      2 36468
      2 36469
      2 36475
      4 36479
      2 36490
      2 36495
      2 36499
      2 36503
      6 36508
      4 36514
      4 36532
      2 36537
      1 36538
      4 36541
      2 36542
      4 36544
      4 36545
      2 36548
      2 36553
      2 36554
      2 36560
      2 36568
      2 36569
      4 36570
      2 36571
      2 36573
      2 36574
      2 36578
      2 36579
      2 36581
      2 36582
      6 36583
      2 36586
      2 36587
      2 36589
      2 36590
      4 36592
      4 36595
      2 36596
      6 36597
      2 36601
      4 36604
      2 36609
      8 36614
      2 36615
      2 36619
      2 36621
      4 36623
      4 36629
      2 36630
      6 36632
      4 36633
      6 36635
      2 36636
      2 36641
      2 36644
      4 36647
      2 36650
      2 36651
      4 36657
      4 36659
      4 36660
      4 36665
      4 36666
      2 36673
      4 36674
      2 36678
      2 36679
      4 36680
      2 36685
      4 36691
      4 36692
      2 36695
      2 36698
      4 36701
      2 36702
      2 36710
      2 36711
      2 36713
      4 36715
      2 36718
      2 36720
      2 36732
      2 36733
      2 36742
      2 36743
      4 36764
      2 36766
      2 36774
      2 36777
      2 36786
      2 36797
      2 36809
      2 36812
      2 36815
      4 36834
      2 36835
      2 36838
      2 36839
      2 36851
      1 36858
      2 37004
      2 37038
      2 37078
      2 37110
      2 37120
      2 37127
      2 37146
      2 37148
      2 37155
      2 37163
      1 37291
      2 37342
      2 37408
      2 37483
      1 37687
      2 37698
      2 37812
      2 37897
      2 37931
      2 37961
      2 37968
      2 38059
      2 38064
      2 38066
      2 38081
      2 38085
      1 38097
      4 38125
      1 38129
      2 38151
      1 38156
      1 38162
      2 38164
      1 38167
      4 38168
      2 38190
      1 38193
      1 38194
      2 38217
      2 38228
      1 38238
      1 38244
      1 38246
      1 38257
      3 38258
      1 38264
      1 38265
      1 38272
      2 38277
      1 38283
      2 38286
      2 38288
      2 38290
      3 38293
      1 38331
      2 38645
      2 38699
      2 38729
      2 38743
      2 38761
      2 38766
      2 38794
      2 38807
      2 38889
      2 38902
      2 38947
      1 38970
      2 38971
      2 38975
      2 38978
      2 38980
      2 38984
      2 38987
      2 38992
      2 38996
      4 38998
      2 39002
      2 39018
      2 39044
      4 39059
      2 39062
      2 39064
      2 39071
      2 39072
      2 39073
      2 39077
      2 39079
      2 39099
      2 39108
      4 39112
      2 39141
      2 39144
      2 39150
      2 39153
      4 39156
      2 39161
      2 39171
      6 39181
      2 39183
      2 39189
      2 39192
      2 39199
      2 39201
      2 39206
      2 39207
      2 39219
      2 39220
      2 39223
      6 39227
      2 39228
      4 39235
      2 39242
      2 39244
      2 39249
      2 39251
      4 39253
      1 39257
      2 39260
      4 39263
      4 39264
      2 39269
      4 39271
      2 39275
      4 39277
      2 39281
      4 39282
      2 39286
      2 39289
      2 39290
      2 39294
      2 39295
      2 39299
      2 39301
      2 39303
      6 39313
      2 39321
      2 39322
      2 39323
      2 39328
      4 39333
      4 39340
      2 39341
      2 39342
      4 39344
      2 39349
      2 39350
      6 39352
      6 39355
      2 39356
      8 39357
      4 39361
      2 39363
      2 39364
      2 39366
      2 39369
      4 39371
      2 39372
      2 39374
      2 39377
      2 39378
      4 39379
      4 39380
      2 39382
      2 39384
      2 39385
      2 39388
      2 39391
      2 39392
      2 39394
      2 39396
      2 39397
      2 39398
      2 39399
      2 39401
      2 39404
      2 39410
      2 39422
      2 39432
      2 39440
      2 39447
      1 39449
      2 39469
      2 39471
      2 39488
      2 39490
      1 39499
      2 39507
      2 39542
      2 39562
      2 39824
      2 39929
      2 39976
      2 40058
      2 40064
      2 40104
      2 40139
      2 40164
      4 40170
      2 40175
      2 40223
      2 40226
      2 40230
      2 40265
      2 40393
      2 40405
      2 40415
      2 40436
      2 40441
      2 40447
      2 40453
      2 40464
      2 40467
      2 40486
      2 40549
      2 40595
      2 40635
      2 40679
      2 40719
      2 40803
      1 40806
      2 40923
      2 40957
      1 40967
      4 41028
      2 41046
      2 41084
      2 41094
      2 41114
      2 41122
      2 41131
      2 41136
      2 41142
      2 41153
      2 41155
      2 41163
      2 41164
      2 41172
      2 41174
      2 41188
      2 41192
      2 41204
      2 41207
      4 41208
      2 41210
      2 41212
      6 41213
      2 41215
      2 41221
      2 41223
      2 41229
      2 41231
      4 41236
      2 41277
      2 41360
      2 41447
      1 41529
      2 41530
      2 41775
      2 41813
      2 41835
      2 41851
      2 41884
      4 41890
      2 41894
      2 41925
      2 41940
      2 41953
      2 41960
      4 42016
      2 42052
      2 42076
      2 42149
      4 42158
      2 42168
      2 42181
      2 42230
      2 42245
      2 42418
      2 42609
      2 42617
      4 42620
      2 42631
      2 42632
      2 42638
      2 42642
      2 42676
      2 42681
      2 42682
      2 42691
      2 42692
      2 42705
      2 42710
      2 42720
      4 42742
      2 42748
      2 42761
      2 42775
      4 42777
      2 42779
      2 42791
      2 42794
      2 42801
      2 42803
      2 42814
      4 42817
      4 42821
      4 42822
      2 42829
      2 42830
      4 42831
      2 42835
      4 42838
      4 42839
      2 42840
      2 42841
      2 42842
      2 42843
      4 42844
      2 42849
      2 42851
      2 42853
      6 42856
      2 42858
      4 42859
      2 42863
      2 42864
      2 42865
      2 42880
      4 42881
      2 42885
      8 42887
      2 42890
      2 42891
      2 42892
      4 42893
      2 42894
      8 42895
      4 42899
      2 42901
      4 42903
      2 42905
      2 42906
      2 42913
      4 42914
      4 42918
      2 42919
      6 42921
      2 42923
      2 42924
      2 42926
      4 42928
      4 42929
      2 42935
      2 42936
      2 42941
      4 42942
      4 42945
      2 42949
      2 42950
      2 42951
      4 42956
      4 42959
      4 42961
      2 42962
      2 42963
      2 42968
      2 42970
      2 42984
      4 42988
      4 42989
      2 42991
      6 42993
      2 42999
      2 43000
      2 43008
      2 43011
      2 43031
      2 43032
      2 43055
      2 43056
      2 43066
      2 43076
      2 43094
      2 43113
      2 43116
      2 43117
      2 43120
      2 43123
      2 43134
      2 43157
      2 43168
      2 43177
      2 43178
      2 43179
      2 43182
      2 43185
      4 43186
      2 43187
      2 43197
      2 43198
      2 43203
      4 43209
      2 43210
      2 43225
      2 43227
      2 43229
      8 43232
      4 43233
      2 43234
      2 43236
      2 43238
      2 43239
      2 43246
      2 43252
      2 43253
      4 43255
      2 43258
      2 43259
      2 43265
      2 43268
      2 43277
      2 43282
      2 43283
      2 43285
      2 43290
      2 43299
      2 43300
      2 43303
      6 43306
      2 43307
      2 43321
      6 43324
      2 43325
      2 43327
      4 43329
      2 43330
      2 43333
      2 43376
      2 43396
      2 43398
      2 43422
      2 43431
      2 43460
      2 43465
      2 43474
      2 43482
      2 43486
      2 43492
      2 43498
      2 43499
      2 43502
      4 43520
      6 43527
      2 43535
      2 43542
      2 43546
      2 43565
      4 43572
      2 43580
      2 43583
      4 43594
      2 43596
      2 43602
      2 43603
      2 43610
      2 43626
      2 44698
      1 45128
      2 45260
      2 45717
      2 45863
      1 45919
      2 45959
      2 45973
      2 45989
      2 46003
      2 46009
      4 46034
      2 46060
      2 46084
      2 46088
      4 46117
      2 46200
      2 46201
      1 46276
      2 46295
      2 46314
      2 46366
      1 46917
      1 46918
      1 46926
      1 46972
      1 46977
      1 46980
      1 46981
      1 46984
      1 46992
      1 46993
      1 47007
      1 47009
      1 47016
      1 47027
      1 47035
      1 47054
      1 47057
      1 47063
      1 47065
      1 47066
      1 47067
      1 47068
      1 47069
      1 47071
      2 47078
      1 47082
      2 47086
      3 47091
      1 47092
      2 47095
      2 47104
      2 47106
      1 47119
      1 47126
      1 47133
      2 47242
      2 48035
      2 48107
      2 48129
      2 48175
      2 48203
      2 48257
      1 48259
      1 48261
      2 48287
      2 48327
      1 48347
      4 48743
      2 48759
      2 48809
      2 48863
      2 48880
      4 48954
      2 48987
      2 48993
      2 49000
      2 49013
      2 49028
      4 49047
      2 49068
      4 49086
      2 49101
      2 49125
      2 49129
      2 49133
      1 49136
      2 49188
      2 49392
      2 49597
      2 49633
      2 49674
      2 49677
      4 49686
      2 49714
      2 49773
      2 49800
      2 49838
      2 49870
      2 49896
      2 50047
      4 50054
      2 50104
      4 50115
      1 50136
      2 50153
      1 50161
      4 50166
      2 50174
      2 50175
      2 50190
      1 50591
      2 50743
      2 51044
      2 51143
      2 51163
      2 51165
      4 51203
      2 51211
      2 51241
      2 51249
      2 51281
      2 51293
      2 51294
      2 51311
      2 51337
      2 51343
      2 51383
      2 51398
      2 51404
      2 51410
      1 51431
      2 51449
      2 51455
      2 51507
      2 51594
      2 51905
      2 51937
      2 51939
      4 51983
      2 52002
      1 52010
      1 52031
      2 52037
      1 52079
      2 52202
      2 52221
      4 52292
      2 52303
      2 52332
      2 52369
      2 52380
      2 52717
      2 52719
      2 53608
      2 53727
      2 53734
      4 53844
      2 53847
      2 53936
      2 53940
      2 54014
      2 54035
      2 54039
      2 54049
      2 54166
      2 54307
      2 54407
      2 54565
      1 55064
      2 55066
      1 55115
      2 55225
      1 55250
      2 55268
      2 55291
      2 55295
      2 55319
      1 55356
      2 55390
      2 55412
      2 55429
      2 55463
      2 55473
      2 55475
      2 55493
      2 55506
      2 55508
      1 55514
      2 55714
      2 55715
      2 55767
      4 55819
      2 56007
      2 56057
      2 56121
      2 56158
      2 57287
      2 57744
      1 58236
      1 58248
      1 58257
      2 58260
      1 58262
      2 58283
      2 58286
      2 58328
      2 58340
      2 58344
      2 58368
      2 58369
      2 58371
      1 58376
      2 58379
      4 58381
      3 58382
      1 58385
      1 58390
      2 58391
      1 58392
      2 58393
      7 58395
      1 58396
      2 58400
      2 58401
      2 58408
      2 58410
      2 58415
      1 58420
      1 58428
      4 58429
      2 58435
      2 58449
      3 58450
      1 58452
      1 58453
      2 58509
      4 58514
      2 58534
      2 58548
      2 58591
      2 59723
      2 59725
      2 59790
      2 59797
      2 59806
      2 59909
      1 59982
      1 59987
      2 60002
      4 60004
      2 60023
      2 60068
      2 60140
      2 60185
      2 60214
      2 60226
      4 60814
      2 60842
      2 60883
      2 60919
      2 60929
      2 60945
      2 61087
      1 61312
      2 61550
      2 61553
      1 62380
      2 64729
      2 64743
      4 64763
      2 65577
      2 65582
      2 65672
      2 65730
      2 65783
      2 65787
      2 66380
      2 71739
      2 71803
      2 72024
      2 72026
      2 72092
      2 72131
      1 72184
      1 72197
      2 72262
      1 74787
      2 83994
      2 84052
      2 85410
      2 85522
      2 85538
      2 85615
      2 88386
      2 88450
      2 88523
      6 88524
      2 88528
      2 88549
      4 88572
      4 88580
      4 88587
      2 88608
      2 88623
      2 88629
      2 88635
      2 88637
      2 88643
      2 88680
      2 88712
      2 88749
      2 108939
      1 108991
      2 109056
      2 109145
      2 109160
      2 109163
      6 109167
      2 109187
      2 109216
      2 109244
      2 109257
      2 109259
      2 109260
      2 109266
      2 109290
      2 109293
      2 109308
      1 109314
      1 109335
      1 109338
      2 109388
      1 126424
      2 134542
      2 134582
      2 134602
      2 134749
      2 143757
      2 143786
      2 144991
