74596778 0
    441 2
    342 3
    294 4
    298 5
    298 6
    297 7
    247 8
    275 9
    345 10
    407 11
    352 12
    405 13
    500 14
    589 15
    632 16
    753 17
   1203 18
 218874 19
 149817 20
  81967 21
  41071 22
  20784 23
  10914 24
   8107 25
   7477 26
   5814 27
   4614 28
   4748 29
   4199 30
   3828 31
   4211 32
   3876 33
   3486 34
   3946 35
   3562 36
   3414 37
   4098 38
   3780 39
   3653 40
   4113 41
   3622 42
   3750 43
   4058 44
   4012 45
   3985 46
   4355 47
   4061 48
   4063 49
   4563 50
   4492 51
   4411 52
   4960 53
   8434 54
   7580 55
  10067 56
   9566 57
  12037 58
  10236 59
   7322 60
   7575 61
   6730 62
   6766 63
   5888 64
   5939 65
   5741 66
   5199 67
   5365 68
   5264 69
   5267 70
   5717 71
   5332 72
   5663 73
   5452 74
   5738 75
   5996 76
   5751 77
   5885 78
   5917 79
   6164 80
   6167 81
   6285 82
   6469 83
   6503 84
   6694 85
   6934 86
   7039 87
   6839 88
   7166 89
   6893 90
   7414 91
   7563 92
   7376 93
   7907 94
   8110 95
   7825 96
   8053 97
   8456 98
   8416 99
   8370 100
   8765 101
   9106 102
   9198 103
   8983 104
   8933 105
   9102 106
   9398 107
   9741 108
   9772 109
   9952 110
   9921 111
  10275 112
  10892 113
  10345 114
  10572 115
  11200 116
  10760 117
  11030 118
  11743 119
  11499 120
  11553 121
  12698 122
  15963 123
  12653 124
  12403 125
  12393 126
  12691 127
  13146 128
  13045 129
  13308 130
  13805 131
  13871 132
  14175 133
  14730 134
  14623 135
  15096 136
  15655 137
  15419 138
  15702 139
  16281 140
  16794 141
  17118 142
  17413 143
  17079 144
  17697 145
  18343 146
  18164 147
  18875 148
  19243 149
  19792 150
  19738 151
  20931 152
  20643 153
  20581 154
  22136 155
  21877 156
  22410 157
  23856 158
  22456 159
  23756 160
  24672 161
  25829 162
  25865 163
  26180 164
  25795 165
  26773 166
  27967 167
  28391 168
  28828 169
  30001 170
  29520 171
  30106 172
  32620 173
  31668 174
  33043 175
  34146 176
  34724 177
  34826 178
  35973 179
  36679 180
  37275 181
  38292 182
  38779 183
  39924 184
  41854 185
  41206 186
  41234 187
  43392 188
  43538 189
  43784 190
  46811 191
  46105 192
  47937 193
  49127 194
  48565 195
  50047 196
  52172 197
  51907 198
  52348 199
  55537 200
  55885 201
  56501 202
  58271 203
  58571 204
  60614 205
  71500 206
  72745 207
  72420 208
  76267 209
  75702 210
  77294 211
  80101 212
  80639 213
  79372 214
  81663 215
  82286 216
  82963 217
  85830 218
  85435 219
  86493 220
  90020 221
  90667 222
  90588 223
  94042 224
  95434 225
  93195 226
  97967 227
  96223 228
  97419 229
  99518 230
 101825 231
 103779 232
 106092 233
 107445 234
 108003 235
 111284 236
 102839 237
 103741 238
 107094 239
 107948 240
 110386 241
 111712 242
 112985 243
 114304 244
 118636 245
 119142 246
 119247 247
 122956 248
 123140 249
 125278 250
 127768 251
 129488 252
 128692 253
 133458 254
 134656 255
 138042 256
 137918 257
 138585 258
 141177 259
 144065 260
 145002 261
 146407 262
 150081 263
 151330 264
 152377 265
 154545 266
 154258 267
 156026 268
 160347 269
 161168 270
 162411 271
 164140 272
 165933 273
 168226 274
 170267 275
 172451 276
 172855 277
 175348 278
 176444 279
 177702 280
 178735 281
 181467 282
 184171 283
 182964 284
 183000 285
 185544 286
 187706 287
 189184 288
 187974 289
 190634 290
 192014 291
 191556 292
 193081 293
 192374 294
 194594 295
 196885 296
 197943 297
 197963 298
 198552 299
 198575 300
 199007 301
 200099 302
 200184 303
 201253 304
 202554 305
 202810 306
 200994 307
 203647 308
 204868 309
 202628 310
 204582 311
 203895 312
 204193 313
 205244 314
 203153 315
 204109 316
 206343 317
 203840 318
 204589 319
 204148 320
 201741 321
 203238 322
 203878 323
 203170 324
 202581 325
 204078 326
 201957 327
 201518 328
 201986 329
 203060 330
 201624 331
 200403 332
 200268 333
 198434 334
 198149 335
 199011 336
 195053 337
 197769 338
 196150 339
 193998 340
 193897 341
 193675 342
 192580 343
 193030 344
 192015 345
 190946 346
 187669 347
 189308 348
 187214 349
 187953 350
 185459 351
 184704 352
 184216 353
 183873 354
 179757 355
 181130 356
 179284 357
 181153 358
 177939 359
 176184 360
 173608 361
 174190 362
 171063 363
 171091 364
 189047 365
 169517 366
 167723 367
 167454 368
 165511 369
 164360 370
 162012 371
 161849 372
 161215 373
 160402 374
 157986 375
 156865 376
 156325 377
 156151 378
 153932 379
 153401 380
 153681 381
 148865 382
 149407 383
 148959 384
 145923 385
 145463 386
 145680 387
 142771 388
 141155 389
 140768 390
 139478 391
 140448 392
 138474 393
 136460 394
 136135 395
 133897 396
 133104 397
 131816 398
 130435 399
 129611 400
 127589 401
 127753 402
 126228 403
 126190 404
 125096 405
 122130 406
 121513 407
 120178 408
 120710 409
 118106 410
 118169 411
 115126 412
 115411 413
 113608 414
 112168 415
 112806 416
 110692 417
 109377 418
 109132 419
 108570 420
 108079 421
 106941 422
 105709 423
 103462 424
 103422 425
 102881 426
 101176 427
 100872 428
  99348 429
  98410 430
  96130 431
  95990 432
  95082 433
  94673 434
  95141 435
  91807 436
  91165 437
  90592 438
  89630 439
  89057 440
  88326 441
  87030 442
  85455 443
  86703 444
  84437 445
  84645 446
  83472 447
  83060 448
  82434 449
  80897 450
  79783 451
  78972 452
  78424 453
  77454 454
  77908 455
  74700 456
  75331 457
  74841 458
  73263 459
  73381 460
  71914 461
  70906 462
  70606 463
  69730 464
  69208 465
  67837 466
  67345 467
  67162 468
  77197 469
  66126 470
  80350 471
  64301 472
  64350 473
  62471 474
  62672 475
  61793 476
  60556 477
  60788 478
  59126 479
  59168 480
  58627 481
  57954 482
  56549 483
  57264 484
  56024 485
  55265 486
  55299 487
  53964 488
  53480 489
  53257 490
  52903 491
  51673 492
  51685 493
  50187 494
  50399 495
  49581 496
  49695 497
  48119 498
  48234 499
  47917 500
  47492 501
  46318 502
  45829 503
  46397 504
  45047 505
  45775 506
  43915 507
  44069 508
  43159 509
  42823 510
  42282 511
  41628 512
  41280 513
  40766 514
  40131 515
  39551 516
  39571 517
  39052 518
  38459 519
  37554 520
  37917 521
  36898 522
  36655 523
  36174 524
  36317 525
  35981 526
  35109 527
  34567 528
  34318 529
  34528 530
  33835 531
  33217 532
  33114 533
  32019 534
  31924 535
  31588 536
  31171 537
  31041 538
  30869 539
  30027 540
  29488 541
  29627 542
  29257 543
  28423 544
  28532 545
  28317 546
  27531 547
  27626 548
  27096 549
  26606 550
  26804 551
  26767 552
  25850 553
  25515 554
  25023 555
  24805 556
  24892 557
  24550 558
  24132 559
  23967 560
  23431 561
  23089 562
  23019 563
  22581 564
  22317 565
  22251 566
  22344 567
  21715 568
  21243 569
  20957 570
  20293 571
  20895 572
  20566 573
  20205 574
  20133 575
  19596 576
  19112 577
  19132 578
  18882 579
  18631 580
  18517 581
  18229 582
  17880 583
  17453 584
  17244 585
  17387 586
  17183 587
  16623 588
  16452 589
  16090 590
  16235 591
  15738 592
  15859 593
  15611 594
  14922 595
  15138 596
  15127 597
  14872 598
  14368 599
  14586 600
  14050 601
  13916 602
  13876 603
  13331 604
  13542 605
  12818 606
  13103 607
  12822 608
  12963 609
  12297 610
  12708 611
  12079 612
  11842 613
  12023 614
  11907 615
  15802 616
  11388 617
  11324 618
  11465 619
  10741 620
  10761 621
  10596 622
  10546 623
  10514 624
  10107 625
  10023 626
   9582 627
   9924 628
   9624 629
   9809 630
   9545 631
   9010 632
   9204 633
   9041 634
   8930 635
   8925 636
   8766 637
   8487 638
   8680 639
   8216 640
   7902 641
   7945 642
   8185 643
   7760 644
   7752 645
   7340 646
   7397 647
   7257 648
   7235 649
   7225 650
   6994 651
   6601 652
   6680 653
   6706 654
   6612 655
   6529 656
   6438 657
   6317 658
   6009 659
   6079 660
   5799 661
   6153 662
   5754 663
   5704 664
   5773 665
   5523 666
   5517 667
   5400 668
   5298 669
   5027 670
   5181 671
   5131 672
   5053 673
   4923 674
   4816 675
   4803 676
   4802 677
   4539 678
   4604 679
   4593 680
   4427 681
   4338 682
   4190 683
   4133 684
   4294 685
   3897 686
   3971 687
   4049 688
   3901 689
   3928 690
   3642 691
   3801 692
   3650 693
   3608 694
   3635 695
   3461 696
   3262 697
   3395 698
   3450 699
   3336 700
   3421 701
   3135 702
   3227 703
   2980 704
   3036 705
   2907 706
   2865 707
   2899 708
   2838 709
   2819 710
   2683 711
   2703 712
   2432 713
   2532 714
   2421 715
   2469 716
   2298 717
   2342 718
   2302 719
   2360 720
   2801 721
   2325 722
   2287 723
   2115 724
   2042 725
   2129 726
   1987 727
   1950 728
   2061 729
   2015 730
   1946 731
   1961 732
   1931 733
   1685 734
   1794 735
   1584 736
   1693 737
   1650 738
   1717 739
   1546 740
   1566 741
   1603 742
   1688 743
   1369 744
   1479 745
   1439 746
   1446 747
   2562 748
   1473 749
   1354 750
   1297 751
   1283 752
   1274 753
   1279 754
   1197 755
   1177 756
   1118 757
   1043 758
   1180 759
   1083 760
   1136 761
   1096 762
   1018 763
   1018 764
   1054 765
   1052 766
   1002 767
    922 768
    970 769
    980 770
    885 771
    918 772
    971 773
    904 774
    800 775
    839 776
    749 777
    742 778
    715 779
    759 780
    769 781
    783 782
    630 783
    697 784
    633 785
    691 786
    656 787
    661 788
    599 789
    583 790
    671 791
    571 792
    545 793
    658 794
    588 795
    560 796
    670 797
    544 798
    516 799
    487 800
    473 801
    540 802
    431 803
    458 804
    420 805
    482 806
    435 807
    373 808
    407 809
    315 810
    330 811
    367 812
    323 813
    345 814
    353 815
    325 816
    347 817
    311 818
    320 819
    299 820
    319 821
    288 822
    314 823
    257 824
    289 825
    265 826
    257 827
    224 828
    253 829
    226 830
    236 831
    261 832
    208 833
    266 834
    226 835
    228 836
    179 837
    224 838
    221 839
    196 840
    178 841
    169 842
    195 843
    170 844
    173 845
    153 846
    177 847
    195 848
    198 849
    192 850
    149 851
    170 852
    137 853
    130 854
    138 855
    152 856
    137 857
    142 858
    142 859
    130 860
    129 861
     88 862
    134 863
    130 864
    131 865
    135 866
    125 867
    116 868
    146 869
     91 870
    109 871
    108 872
    110 873
     94 874
     92 875
     98 876
    106 877
     83 878
    121 879
    109 880
     86 881
     72 882
     69 883
     94 884
     77 885
     87 886
     77 887
     82 888
     81 889
     90 890
     53 891
     61 892
     65 893
     85 894
     84 895
     65 896
     71 897
     57 898
     60 899
     67 900
     51 901
     58 902
     63 903
     85 904
     66 905
     59 906
     47 907
     44 908
     66 909
     68 910
     60 911
     63 912
     62 913
     34 914
     46 915
     42 916
     38 917
     35 918
     50 919
     60 920
     58 921
     50 922
     62 923
     43 924
     54 925
     36 926
     69 927
     47 928
     36 929
     50 930
     37 931
     34 932
     56 933
     32 934
     36 935
     43 936
     34 937
     51 938
     24 939
     55 940
     35 941
     36 942
     33 943
     36 944
     39 945
     32 946
     38 947
     24 948
     24 949
     41 950
     32 951
     29 952
     35 953
     37 954
     41 955
     33 956
     38 957
     39 958
     22 959
     26 960
     31 961
     30 962
     36 963
      8 964
     38 965
     21 966
     29 967
     30 968
     24 969
     41 970
     30 971
     25 972
     41 973
     39 974
     36 975
     26 976
     22 977
     25 978
     28 979
     31 980
     25 981
     29 982
     29 983
     24 984
     19 985
     14 986
     23 987
     36 988
     50 989
     14 990
     31 991
     18 992
     17 993
     20 994
     32 995
     17 996
     20 997
     31 998
     41 999
     15 1000
     26 1001
     16 1002
     35 1003
     15 1004
     29 1005
     22 1006
     14 1007
     21 1008
     10 1009
      3 1010
     23 1011
     30 1012
     11 1013
     15 1014
     27 1015
     11 1016
     11 1017
     25 1018
     20 1019
     33 1020
     20 1021
     16 1022
     21 1023
     32 1024
     20 1025
     12 1026
     23 1027
     19 1028
     31 1029
     16 1030
      4 1031
     19 1032
     20 1033
     10 1034
     12 1035
     33 1036
     27 1037
     21 1038
     25 1039
     13 1040
     39 1041
     13 1042
     13 1043
     17 1044
     14 1045
      8 1046
     16 1047
     11 1048
      9 1049
     16 1050
     26 1051
      8 1052
     23 1053
     12 1054
     18 1055
     23 1056
     12 1057
     14 1058
     14 1059
     14 1060
     36 1061
     15 1062
      9 1063
     18 1064
     17 1065
      8 1066
     28 1067
     26 1068
     14 1069
     11 1070
     19 1071
      9 1072
      8 1073
     11 1074
     21 1075
     16 1076
     10 1077
     27 1078
     21 1079
     12 1080
     15 1081
     20 1082
     28 1083
     32 1084
     23 1085
      9 1086
     15 1087
     10 1088
     25 1089
      6 1090
      9 1091
     19 1092
     16 1093
     10 1094
     18 1095
     16 1096
     25 1097
     16 1098
     13 1099
     15 1100
     12 1101
     11 1102
     12 1103
     10 1104
     12 1105
     23 1106
     10 1107
     10 1108
     21 1109
     15 1110
     18 1111
     14 1112
     13 1113
      9 1114
      9 1115
     27 1116
     13 1117
     10 1118
     13 1119
     23 1120
     35 1121
     12 1122
      8 1123
     21 1124
     17 1125
      8 1126
     12 1127
      9 1128
     12 1129
     13 1130
      9 1131
      5 1132
      7 1133
     22 1134
     19 1135
     14 1136
     19 1137
      4 1138
     11 1139
     16 1140
      6 1141
      8 1142
     14 1143
      7 1144
      2 1145
     20 1146
      3 1147
     10 1148
      6 1149
     25 1150
     12 1151
      5 1152
      8 1153
     12 1154
      7 1155
     21 1156
     10 1157
     16 1158
      8 1159
      6 1160
      9 1161
      7 1162
      8 1163
      7 1164
      9 1165
      2 1166
      9 1167
     11 1168
      7 1169
     14 1170
     10 1171
     10 1172
     19 1173
     14 1174
     11 1175
     13 1176
      5 1177
     10 1178
     17 1179
      8 1180
      5 1181
      9 1182
      6 1183
     18 1184
      2 1185
      4 1186
      7 1187
      7 1188
     14 1189
      8 1190
      6 1191
     10 1192
     19 1193
      5 1194
      7 1195
      6 1196
     12 1197
     16 1198
      2 1199
     13 1200
      5 1201
      1 1202
      8 1203
     11 1204
     13 1205
      7 1206
      9 1207
     12 1208
      6 1209
      8 1210
      4 1211
      9 1212
      3 1213
      6 1214
      6 1215
     23 1216
     10 1217
      4 1218
      7 1219
      8 1220
     12 1221
      7 1222
      7 1223
     12 1224
      4 1225
      7 1226
      4 1228
     11 1229
     19 1230
      8 1231
      5 1232
      9 1233
      3 1234
     13 1235
     15 1236
     14 1237
     11 1238
      4 1239
      7 1240
     14 1241
      9 1242
      3 1243
      4 1244
      4 1245
      7 1246
     11 1247
      6 1248
      3 1249
      4 1250
      4 1251
     11 1252
      2 1254
      6 1255
      1 1256
      5 1257
      2 1258
      2 1259
      9 1260
      9 1261
      5 1262
     15 1263
     10 1264
      6 1265
      9 1266
      6 1267
      8 1268
      6 1269
     12 1270
     16 1271
     12 1272
      7 1273
     10 1274
      9 1275
      9 1276
      6 1277
      2 1278
     14 1279
      8 1280
     10 1281
      4 1282
     10 1283
     12 1284
      5 1285
      9 1286
      7 1287
      3 1288
      3 1289
     11 1290
     11 1291
      2 1293
      4 1294
      7 1295
      9 1296
     10 1297
      4 1298
      6 1299
      4 1300
      8 1301
      6 1302
      4 1303
      4 1304
      1 1305
      1 1306
      2 1307
      5 1308
      8 1309
      8 1310
     14 1311
      6 1312
      4 1313
      2 1314
     10 1315
      5 1316
     10 1317
      4 1318
     14 1319
      7 1320
      7 1321
      1 1322
     13 1323
      3 1324
      4 1325
     11 1327
      4 1328
     10 1329
      3 1330
      9 1331
     10 1332
      1 1333
      2 1334
      3 1335
     13 1336
     13 1337
      8 1339
      7 1340
     11 1341
     10 1342
      2 1343
      1 1344
      3 1345
      3 1346
      9 1347
      1 1348
     10 1349
      8 1350
      8 1352
     14 1353
      8 1354
      6 1355
      7 1356
      2 1357
      4 1359
      1 1361
      2 1362
     10 1363
      6 1364
      6 1365
      4 1366
      4 1367
      4 1368
      6 1369
     10 1370
      3 1371
      2 1372
      2 1374
      4 1375
      1 1377
      6 1378
      9 1379
      2 1380
      1 1381
      4 1383
      4 1384
      4 1385
      7 1386
      9 1387
      4 1388
      3 1389
      9 1390
      2 1392
      8 1393
      2 1394
      8 1395
      4 1396
      9 1397
      5 1398
      4 1399
      2 1400
     10 1401
      2 1402
      2 1403
      6 1404
      3 1405
     10 1406
     10 1407
      4 1408
      7 1409
      4 1410
     10 1411
      5 1412
     14 1413
      3 1414
      5 1415
      3 1416
      4 1417
      6 1418
      6 1419
      6 1420
      4 1421
      4 1422
      5 1424
      3 1425
     10 1426
     10 1427
      4 1428
      1 1429
      2 1430
      5 1431
      8 1432
      3 1434
      4 1435
      5 1436
      4 1437
      2 1438
      2 1439
      8 1440
      4 1441
      1 1442
      8 1443
      8 1444
      1 1445
      4 1446
      1 1447
      4 1448
     11 1449
      5 1450
      4 1451
      2 1453
      4 1454
     10 1455
      7 1456
      4 1458
      2 1459
      1 1460
      9 1461
      8 1462
      5 1463
      3 1464
      1 1465
      3 1466
     10 1468
     12 1470
      9 1471
      2 1472
      5 1473
      1 1474
      7 1475
      2 1476
      5 1477
      2 1479
      2 1480
      2 1481
      2 1482
      6 1483
      3 1484
      3 1485
      4 1486
      3 1488
      2 1489
      4 1490
      2 1491
      1 1492
      2 1493
      6 1494
      4 1495
      4 1496
      2 1497
      3 1498
      3 1499
      6 1500
      4 1501
      1 1502
      7 1503
      1 1504
      6 1505
     14 1506
      7 1508
      2 1509
      3 1510
      2 1511
      5 1512
      8 1513
      1 1514
      1 1516
      1 1517
      4 1518
     12 1519
      2 1521
      4 1522
      3 1523
      6 1524
      7 1525
      4 1526
      2 1527
      4 1529
      6 1530
      5 1531
      8 1532
      2 1533
      9 1535
      3 1536
      1 1538
      1 1539
      3 1540
      4 1541
      3 1542
      4 1543
      7 1544
      8 1546
      5 1547
      4 1549
      7 1554
      6 1556
      5 1557
      2 1558
      9 1559
      2 1561
      2 1562
      6 1563
      2 1564
      3 1565
      2 1566
      9 1567
      4 1568
      6 1569
      6 1571
      5 1572
      3 1573
      5 1574
      6 1576
      7 1577
      4 1580
      2 1581
      5 1582
      4 1583
      6 1585
      8 1586
      4 1587
      2 1588
      2 1589
      8 1590
      6 1591
      1 1592
      9 1593
      2 1594
     11 1595
      6 1596
      3 1597
      4 1598
      9 1599
      3 1600
      2 1601
      6 1602
      2 1603
      3 1604
      2 1605
     13 1606
      9 1607
      7 1608
      5 1609
      4 1610
      1 1612
      4 1613
      4 1615
      1 1617
     11 1618
      2 1619
      4 1620
      7 1622
      4 1623
     12 1624
      2 1625
     11 1626
      6 1628
      5 1629
      4 1630
     11 1631
      3 1632
      4 1633
      5 1634
      2 1635
      2 1636
      2 1637
      1 1638
      2 1639
      7 1641
      2 1642
      2 1643
      5 1644
      9 1646
      3 1647
      7 1648
     13 1650
      2 1651
      8 1652
      7 1654
      8 1655
     10 1656
     13 1659
     15 1660
     24 1661
      5 1662
      2 1663
      6 1664
      3 1666
      1 1667
      4 1669
      2 1670
     10 1671
     10 1672
      4 1673
      5 1674
      6 1675
      8 1676
      2 1677
      4 1678
      5 1679
      4 1680
      7 1681
      2 1682
      4 1683
      4 1684
      2 1685
      3 1686
      7 1687
     10 1689
      1 1690
      4 1692
      5 1694
      3 1695
      4 1696
      4 1697
      6 1698
      2 1699
      4 1700
      4 1701
      6 1702
      5 1703
      3 1704
      7 1705
      2 1706
      5 1707
      8 1710
      4 1711
      3 1712
      4 1714
      1 1715
      7 1716
      7 1717
      1 1718
      5 1719
      9 1720
      2 1721
      2 1722
      3 1724
      5 1725
     10 1726
      6 1728
      2 1729
      5 1730
      6 1731
      9 1732
      2 1733
      2 1734
      2 1735
      6 1736
      4 1737
      5 1738
      4 1739
      6 1740
      1 1741
      4 1743
      8 1744
      2 1745
      8 1746
      7 1748
      4 1749
      4 1750
      9 1751
     11 1753
      9 1754
      5 1755
      7 1756
      7 1757
      4 1758
      3 1759
      4 1760
      5 1761
      4 1762
      2 1763
      5 1764
      3 1765
      2 1766
      2 1767
      5 1768
      3 1769
      2 1770
      3 1771
      3 1772
      1 1774
      2 1775
      7 1776
      1 1777
     16 1778
     10 1780
      5 1783
      3 1784
      5 1785
      4 1788
      5 1789
      8 1791
      5 1792
      1 1793
      8 1794
      7 1795
      1 1796
      2 1798
      1 1799
      4 1801
      1 1802
      1 1803
      7 1804
      1 1805
      1 1806
      5 1807
      4 1808
      1 1809
      5 1810
      5 1811
      2 1813
      4 1814
      7 1815
      2 1816
      4 1817
      5 1818
      8 1819
      2 1820
      2 1821
      3 1822
      2 1825
      2 1828
      1 1829
      7 1832
      7 1833
     12 1834
      4 1835
      1 1837
      8 1838
     10 1839
      1 1840
      3 1841
      7 1842
      2 1843
     11 1844
      2 1845
      2 1846
      5 1847
      6 1848
      2 1850
      2 1851
      5 1852
      4 1853
      1 1855
      1 1858
      2 1859
      1 1861
      2 1862
      2 1864
      5 1865
      8 1866
      5 1867
      3 1868
      2 1869
      3 1870
      1 1872
      6 1873
      3 1874
     16 1877
      2 1878
      8 1879
      1 1880
      2 1881
      3 1883
      2 1885
      2 1886
      6 1887
      2 1888
      6 1891
      1 1894
      4 1898
      6 1899
      2 1901
      1 1902
      5 1903
      2 1904
      3 1907
      3 1908
      2 1909
      1 1914
      4 1915
      2 1917
      2 1919
      5 1922
      1 1923
      2 1925
      1 1927
      2 1930
      3 1933
      6 1934
      2 1936
      4 1937
      1 1938
      3 1940
      6 1947
      2 1949
      2 1953
      1 1954
      5 1955
      3 1956
      6 1959
      2 1960
      2 1961
      2 1962
      4 1964
      1 1965
      6 1967
      4 1968
      6 1969
      2 1970
      2 1971
      5 1972
      2 1973
      2 1974
      2 1976
      3 1979
      3 1980
      8 1982
      2 1983
      5 1984
      1 1986
      3 1987
      4 1988
      3 1991
      6 1993
      2 1995
      2 1997
      1 1999
      2 2002
      4 2003
      6 2011
      1 2012
      1 2016
      2 2019
      3 2022
      1 2023
      3 2025
      1 2026
      2 2030
      4 2033
      3 2035
      1 2037
      2 2040
      2 2043
      4 2044
      2 2045
      2 2047
      3 2049
      2 2050
      2 2052
      2 2054
      4 2055
      3 2056
      1 2057
      4 2058
      2 2061
      4 2062
      5 2063
      4 2066
      2 2067
      2 2068
      2 2071
      1 2073
      2 2074
      2 2075
      6 2078
      5 2079
      2 2081
      1 2083
      1 2084
      6 2086
      2 2089
      8 2090
      3 2098
      1 2099
      1 2100
      3 2101
      1 2103
      7 2104
      2 2106
      4 2108
      2 2113
      1 2115
      3 2118
      1 2120
      3 2121
      1 2125
      1 2132
      3 2133
      2 2136
      2 2139
      5 2143
      2 2146
      1 2148
      8 2150
      4 2151
      2 2154
      2 2160
      2 2162
      1 2164
      2 2170
      1 2171
      2 2172
      1 2173
      1 2178
      2 2180
      3 2184
      1 2186
      2 2189
      6 2192
      1 2193
      2 2194
      4 2199
      2 2202
      1 2203
      6 2204
      1 2205
      2 2208
      2 2212
      2 2213
      2 2217
      2 2219
      3 2221
      2 2229
      4 2230
      1 2231
      5 2237
      1 2239
      2 2241
      2 2244
      2 2252
      3 2260
      1 2261
      4 2262
      6 2265
      6 2270
      1 2271
      2 2272
      2 2273
      3 2274
      1 2275
      2 2276
      2 2281
      2 2283
      4 2289
      4 2293
      4 2298
      2 2299
      1 2300
      1 2301
      4 2302
      3 2307
      1 2308
      4 2309
      4 2312
      4 2313
      2 2314
      3 2315
      2 2317
      4 2321
      2 2322
      2 2323
      1 2326
      1 2327
      4 2329
      2 2332
      4 2334
      2 2335
      3 2336
      2 2341
      4 2344
      1 2350
      2 2352
      4 2353
      2 2360
      4 2368
      4 2369
      1 2371
      2 2376
      3 2377
      4 2378
      2 2379
      2 2381
      6 2383
      2 2389
      2 2390
      1 2392
      4 2394
      4 2396
      2 2405
      1 2407
      6 2410
      3 2411
      4 2413
      2 2415
      5 2416
      2 2423
      3 2426
      2 2427
      2 2429
      1 2431
      1 2432
      2 2434
      4 2439
      3 2440
      4 2441
      3 2445
      4 2446
      3 2447
      2 2448
     10 2453
      1 2454
      1 2462
      8 2463
      2 2467
      8 2469
      1 2470
      1 2471
      1 2473
      2 2474
      2 2478
      6 2479
      2 2480
      2 2485
      2 2487
      4 2490
      1 2491
      1 2494
      1 2495
      5 2498
      2 2501
      6 2505
      1 2506
      1 2508
      1 2510
      1 2512
      4 2521
      1 2522
      6 2527
      4 2528
      1 2530
      2 2531
      5 2534
      3 2546
      2 2547
      4 2550
      4 2554
      3 2557
      4 2559
      1 2562
      3 2566
      2 2568
      2 2569
      3 2571
      2 2572
      1 2573
      4 2575
      1 2585
      4 2593
      2 2595
      1 2596
      1 2601
      2 2606
      1 2607
      2 2609
      1 2611
      8 2614
      1 2616
      2 2617
      1 2619
      2 2622
      1 2626
      2 2630
      2 2631
      1 2632
      3 2638
      1 2642
      2 2643
      4 2647
      4 2648
      1 2654
      1 2659
      2 2668
      4 2671
      2 2674
      2 2676
      2 2677
      1 2680
      1 2683
      4 2687
      2 2688
      2 2691
      1 2692
      3 2695
      7 2697
      1 2698
      2 2699
      1 2701
      3 2712
      1 2713
      2 2714
      1 2719
      3 2722
      1 2724
      2 2725
      1 2733
      4 2744
      2 2760
      1 2763
      2 2765
      2 2768
      1 2777
      2 2781
      1 2786
      2 2789
      1 2790
      6 2794
      2 2797
      2 2800
      2 2801
      2 2802
      2 2803
      1 2811
      1 2812
      4 2816
      4 2824
      2 2834
      1 2835
      2 2839
      2 2842
      2 2849
      2 2850
      2 2871
      2 2879
      2 2891
      4 2892
      2 2895
      2 2896
      1 2903
      2 2910
      1 2911
      4 2914
      5 2922
      2 2928
      4 2933
      2 2937
      6 2945
      2 2946
      6 2948
      2 2976
      1 2986
      2 2988
      2 3000
      2 3002
      5 3007
      3 3008
      3 3014
      1 3017
      3 3018
      2 3019
      2 3020
      3 3021
      2 3029
      2 3039
      2 3047
      1 3048
      1 3049
      2 3055
      2 3059
      2 3061
      1 3069
      1 3073
      2 3074
      1 3080
      2 3083
      4 3086
      2 3089
      2 3091
      2 3092
      2 3093
      2 3094
      2 3101
      3 3102
      1 3107
      1 3110
      2 3112
      2 3129
      2 3138
      2 3156
      4 3160
      2 3167
      2 3173
      2 3180
      2 3184
      2 3188
      2 3197
      4 3209
      1 3214
      2 3215
      2 3220
      2 3221
      4 3223
      2 3231
      1 3233
      6 3237
      4 3241
      1 3246
      2 3253
      2 3254
      3 3264
      2 3265
      2 3269
      2 3272
      3 3274
      4 3277
      2 3278
      2 3279
      1 3282
      2 3283
      4 3285
      1 3287
      2 3290
      1 3293
      2 3297
      1 3303
      1 3304
      2 3305
      1 3313
      2 3320
      1 3323
      4 3326
      2 3332
      3 3334
      1 3338
      2 3339
      4 3343
      2 3345
      2 3352
      1 3357
      2 3369
      2 3371
      1 3391
      3 3392
      1 3401
      2 3404
      1 3414
      4 3420
      2 3443
      2 3454
      2 3467
      2 3477
      6 3495
      2 3498
      1 3513
      3 3534
      2 3540
      4 3546
      2 3555
      2 3556
      1 3566
      2 3567
      2 3568
      2 3580
      1 3598
      2 3600
      2 3607
      2 3609
      2 3625
      2 3630
      1 3634
      2 3643
      2 3652
      2 3662
      2 3685
      1 3691
      1 3700
      2 3705
      2 3706
      4 3714
      2 3715
      2 3721
      2 3724
      2 3733
      4 3735
      3 3737
      4 3742
      4 3744
      6 3748
      6 3749
      4 3758
      2 3761
      1 3764
      4 3765
      2 3767
      1 3768
      4 3773
      4 3777
      4 3788
      4 3792
      2 3799
      2 3809
      2 3814
      2 3816
      2 3826
      2 3831
      2 3838
      1 3841
      4 3842
      8 3860
      6 3863
      2 3873
      2 3893
      2 3895
      2 3900
      1 3903
      2 3907
      2 3914
      3 3917
      1 3924
      1 3938
      2 3941
      1 3995
      2 4014
      2 4021
      1 4028
      1 4036
      2 4037
      2 4049
      2 4078
      2 4092
      2 4094
      1 4100
      4 4108
      2 4121
      2 4124
      2 4126
      2 4127
      1 4135
      2 4188
      1 4200
      3 4214
      2 4245
      1 4259
      1 4269
      1 4294
      2 4316
      2 4330
      1 4360
      2 4362
      1 4384
      2 4390
      2 4392
      1 4416
      1 4435
      1 4484
      2 4496
      1 4514
      2 4520
      2 4522
      1 4538
      2 4541
      2 4552
      1 4566
      2 4569
      2 4610
      2 4627
      2 4634
      2 4635
      2 4652
      1 4664
      2 4701
      2 4707
      3 4711
      4 4712
      4 4715
      8 4718
      2 4725
      2 4730
      4 4734
      2 4739
      1 4744
      2 4750
      4 4764
      6 4765
      1 4768
      3 4769
      2 4781
      2 4785
      2 4786
      1 4811
      2 4818
      2 4821
      2 4822
      2 4826
      4 4828
      2 4832
      2 4837
      1 4838
      2 4840
      1 4854
      4 4857
      2 4860
      4 4861
      6 4865
      2 4866
      6 4868
      4 4889
      1 4900
      2 4902
      2 4903
      3 4907
      5 4917
      2 4918
      2 4924
      4 4926
      2 4930
      1 4932
      2 4948
      4 4949
      4 4953
      6 4957
      2 4965
      2 4966
      2 4967
      2 4968
      2 4969
      3 4974
      2 4976
      8 4977
      2 4978
      2 4979
      6 4984
      3 4988
      2 4991
      4 4993
      2 4996
      2 4997
      4 4998
      2 5002
      2 5007
      2 5012
      4 5019
      2 5022
      4 5035
      4 5036
      4 5040
      2 5042
      2 5045
      4 5049
      2 5051
      2 5055
      6 5058
      6 5063
      2 5069
      2 5070
      2 5072
      4 5074
      2 5078
      2 5080
      2 5082
      1 5087
      2 5092
      1 5096
      2 5103
      2 5110
      2 5126
      3 5128
      2 5131
      2 5134
      2 5138
      2 5139
      1 5162
      2 5172
      1 5173
      1 5187
      6 5197
      2 5199
      2 5203
      4 5211
      2 5218
      1 5227
      3 5228
      2 5229
      2 5241
      2 5247
      2 5258
      4 5262
      1 5266
      2 5286
      2 5299
      6 5307
      2 5309
      2 5343
      4 5356
      3 5357
      2 5371
      2 5373
      5 5374
      4 5377
      2 5399
      1 5414
      1 5420
      2 5432
      4 5434
      2 5448
      2 5453
      4 5456
      1 5463
      4 5465
      2 5489
      1 5490
      2 5496
      2 5510
      2 5518
      2 5524
      2 5564
      2 5573
      2 5583
      2 5586
      2 5594
      2 5596
      2 5608
      1 5610
      4 5614
      2 5622
      4 5642
      2 5643
      2 5668
      2 5673
      2 5674
      2 5683
      2 5686
      2 5687
      4 5693
      4 5702
      2 5713
      2 5714
      2 5718
      2 5725
      2 5734
      2 5739
      2 5746
      2 5754
      2 5758
      2 5760
      2 5761
      2 5763
      2 5781
      2 5785
      6 5791
      2 5803
      2 5811
      2 5812
      2 5813
      2 5815
      2 5819
      2 5822
      2 5827
      2 5830
      6 5833
      4 5838
      2 5841
      2 5843
      2 5848
      6 5851
      2 5856
      2 5859
      2 5865
      2 5867
      2 5868
      2 5871
      2 5873
      4 5874
      2 5879
      4 5881
      2 5883
      2 5885
      1 5886
      6 5890
      2 5898
      2 5907
      2 5914
      6 5915
      4 5924
      2 5928
      2 5932
      2 5936
      2 5938
      2 5939
      4 5941
      4 5956
      2 6043
      2 6046
      4 6050
      2 6051
      2 6063
      2 6074
      2 6136
      2 6146
      2 6162
      2 6164
      2 6165
      2 6166
      2 6167
      2 6175
      2 6178
      2 6198
      4 6199
      4 6216
      2 6218
      4 6224
      2 6225
      2 6230
      6 6232
      1 6247
      2 6250
      2 6254
      4 6266
      2 6270
      2 6277
      2 6281
      2 6285
      2 6286
      4 6298
      2 6310
      2 6317
      2 6320
      2 6324
      1 6328
      2 6356
      4 6372
      2 6405
      2 6425
      4 6426
      4 6434
      2 6439
      4 6457
      1 6458
      6 6469
      2 6477
      4 6486
      2 6487
      1 6501
      1 6507
      2 6522
      2 6523
      8 6524
      2 6527
      4 6530
      2 6534
      3 6536
      1 6538
      1 6540
      8 6557
      4 6558
      2 6561
      6 6563
      2 6564
      2 6572
      4 6584
      4 6592
      1 6598
      2 6599
      2 6600
      4 6602
      2 6603
      2 6605
      2 6628
      2 6636
      2 6641
      2 6650
      4 6668
      1 6720
      4 6732
      4 6733
      4 6736
      4 6751
      2 6753
      1 6760
      2 6761
      1 6764
      2 6800
      1 6805
      1 6827
      2 6850
      1 6870
      2 6891
      2 6900
      1 6921
      3 6939
      4 6958
      2 6973
      2 7034
      2 7055
      1 7058
      2 7061
      1 7065
      2 7091
      2 7103
      4 7118
      2 7125
      2 7152
      1 7159
      3 7168
      1 7177
      1 7178
      2 7189
      2 7197
      2 7208
      2 7210
      2 7213
      2 7215
      2 7219
      2 7228
      2 7230
      2 7243
      6 7253
      2 7260
      2 7261
      6 7264
      2 7266
      4 7276
      8 7279
      2 7292
      2 7293
      4 7294
      4 7296
      6 7300
      4 7311
      4 7316
      4 7317
      2 7320
      6 7326
      2 7327
      2 7330
      4 7331
      6 7332
      2 7334
      2 7337
      2 7339
      2 7341
      2 7344
      2 7345
      2 7348
      2 7359
      4 7360
      3 7365
      4 7367
      2 7373
      4 7375
      2 7377
      2 7378
      2 7382
      4 7384
      2 7385
      2 7386
      4 7387
      2 7388
      6 7390
      4 7391
      3 7400
     12 7401
      6 7402
      4 7409
      2 7412
     10 7420
      2 7423
      4 7424
      2 7425
      2 7427
      2 7429
      2 7432
      6 7435
      2 7437
      4 7443
      2 7444
      6 7446
      2 7449
      2 7457
      6 7461
      8 7465
      2 7466
      3 7467
      2 7470
      4 7471
      4 7474
      2 7475
      4 7479
      4 7489
      2 7490
      1 7491
      4 7492
      2 7494
      4 7496
      4 7497
      2 7498
      2 7504
      2 7517
      2 7519
      2 7531
      2 7533
      2 7535
      2 7542
      2 7548
      2 7549
     10 7571
      2 7574
      2 7576
      4 7583
      2 7587
      6 7589
      4 7597
      4 7607
      6 7609
      2 7625
      4 7628
      6 7651
      2 7658
      4 7660
      2 7662
      1 7666
      2 7686
      2 7695
      1 7700
      2 7712
      1 7717
      2 7720
      2 7730
      1 7740
      4 7741
      2 7765
      1 7770
      2 7772
      3 7783
      2 7785
      1 7803
      1 7820
      8 7842
      1 7843
      1 7851
      2 7856
      2 7869
      1 7917
      1 7920
      4 7935
      1 7949
      2 7956
      2 7963
      1 7969
      2 8003
      2 8034
      1 8107
      2 8111
      2 8116
      2 8145
      2 8161
      2 8172
      1 8177
      2 8190
      2 8192
      6 8207
      2 8225
      2 8232
      6 8248
      2 8251
      2 8252
      2 8255
      2 8281
      4 8292
      4 8295
      4 8303
      2 8304
      2 8316
      4 8332
      2 8337
      4 8339
      2 8343
      2 8344
      2 8374
      2 8376
      2 8392
      2 8399
      2 8401
      2 8407
      2 8410
      2 8412
      2 8414
      4 8415
      4 8421
      8 8422
      2 8430
      2 8436
      4 8440
      2 8444
      2 8446
      4 8449
      2 8460
      2 8464
      2 8484
      2 8492
      2 8493
      2 8501
      2 8505
      2 8510
     14 8531
      2 8532
      1 8534
      1 8535
      2 8536
      8 8541
      6 8552
      2 8554
      2 8557
      2 8560
      2 8571
     10 8572
      2 8573
      2 8574
      1 8584
      1 8597
      3 8612
      4 8614
      1 8615
      2 8616
      4 8630
      2 8637
      1 8638
      1 8655
      1 8689
      1 8761
      2 8802
      1 8864
      4 8973
      1 8985
      2 9037
      1 9067
      1 9204
      5 9221
      2 9276
      2 9279
      1 9348
      1 9369
      1 9440
      2 9544
      2 9598
      2 9765
      2 9809
      4 9959
      2 9985
      4 10027
      4 10035
      1 10066
      1 10136
      2 10188
      3 10235
      1 10253
      1 10277
      2 10318
      2 10359
      2 10416
      1 10468
      2 10471
      2 10493
      2 10498
      2 10521
      4 10541
      2 10556
      2 10559
      6 10564
      6 10578
      2 10583
      2 10586
      2 10587
      2 10593
      2 10597
      2 10598
      2 10601
      2 10602
      2 10605
      8 10610
      2 10617
      4 10618
      2 10619
      2 10620
      2 10623
      4 10625
      2 10634
      2 10635
      8 10637
      2 10638
      2 10639
      6 10641
      2 10643
      2 10644
      4 10647
      2 10648
      4 10650
      2 10657
      2 10659
      2 10660
      2 10662
      2 10663
      2 10664
      4 10666
      8 10668
      4 10671
      2 10672
      2 10674
      2 10676
     10 10679
      6 10681
      2 10684
      2 10685
      4 10692
      2 10693
      4 10694
      2 10699
      4 10704
      2 10705
     10 10707
      2 10710
      4 10711
      2 10715
      4 10716
      2 10717
      2 10718
      2 10720
      4 10722
      2 10724
      8 10728
      4 10729
      6 10731
      4 10733
      4 10734
      2 10736
      5 10740
      4 10741
      2 10742
      8 10744
      2 10748
     10 10749
      6 10751
      4 10752
      8 10754
     12 10756
      2 10757
      2 10759
      2 10763
      2 10764
     12 10765
      1 10768
      2 10769
      2 10771
      2 10772
      6 10774
     14 10775
      4 10776
      8 10778
      2 10779
      4 10780
      2 10782
     10 10783
      4 10786
      4 10788
      4 10789
      2 10791
      2 10792
      4 10795
      4 10796
      6 10798
      6 10799
      2 10800
      6 10803
      2 10804
      2 10805
      8 10806
      2 10808
      4 10811
      2 10813
      2 10816
      6 10817
      2 10819
      2 10820
      2 10821
      4 10823
      2 10825
      4 10827
      6 10828
      2 10829
      4 10830
      2 10832
      2 10833
     10 10834
      8 10835
      4 10836
      6 10838
      2 10839
      8 10841
      4 10843
      4 10845
      4 10847
      4 10850
      2 10852
      4 10855
      4 10856
      6 10857
      8 10862
      4 10863
      2 10864
      6 10865
      4 10868
      2 10869
      2 10871
      4 10872
      2 10873
      4 10876
      2 10878
      4 10879
      2 10883
      6 10888
      2 10890
      5 10891
      3 10895
      2 10896
      4 10897
      3 10899
      2 10905
      2 10908
      2 10909
      4 10912
      4 10918
      2 10937
      1 10940
      2 11008
      2 11025
      1 11028
      2 11067
      1 11073
      1 11076
      1 11095
      2 11149
      1 11220
      1 11453
      4 11471
      2 11509
      2 11525
      1 11552
      1 11588
      1 11595
      2 11609
      1 11699
      1 11742
      1 11828
      1 11876
      1 12486
      2 12956
      2 13143
      2 13172
      1 13326
      1 13340
      2 13620
      1 13623
      2 13705
      2 13799
      2 13968
      1 13984
      4 14096
      2 14132
      4 14153
      2 14314
      6 14368
      2 14469
      6 14474
      2 14475
      2 14503
      2 14584
      2 14594
      2 14604
      4 14674
      4 14752
      2 14763
      2 14850
      1 15054
      2 15068
      4 15203
      2 15637
      1 17033
      2 17389
      2 17626
      2 17702
      4 17724
      1 17729
      2 17810
      1 17886
      2 18576
      2 19383
      5 19546
      1 20797
      2 21255
      1 21372
      2 21446
      2 21520
      4 21523
      2 21538
      2 21555
      2 21566
      2 21572
      2 21579
      2 21589
      4 21608
      2 21612
      2 21624
      2 21625
      6 21634
      2 21643
      2 21647
      2 21649
      2 21659
      2 21666
      2 21691
      2 21701
      2 21702
      2 21721
      4 21724
      2 21727
      2 21748
      4 21749
      4 21750
      2 21767
      6 21779
      4 21784
      6 21785
      2 21787
      2 21789
      2 21798
      4 21799
      2 21806
      2 21814
      2 21815
      2 21831
      4 21838
      2 21846
      2 21849
      2 21855
      2 21863
      4 21872
      2 21882
      2 21888
      2 21891
      2 21892
      4 21908
      2 21915
      2 21917
      2 21922
      2 21927
      2 21930
      4 21931
      2 21942
      2 21943
      4 21955
      2 21958
      2 21966
      6 21977
      2 21978
      2 21981
      2 21995
      2 22005
      2 22006
      4 22009
      2 22015
      2 22023
      4 22038
      2 22047
      2 22745
      2 23327
      3 23472
      4 23599
      4 24955
      2 24981
      4 25068
      8 25104
      6 25148
      2 25156
      6 25184
      2 25218
      2 25282
      2 26794
      4 27537
      2 27693
      2 27704
      4 27714
      2 27727
      2 27742
      4 27748
      2 27763
      8 27774
      2 27786
      2 27790
      2 27801
      2 27813
      2 27821
      8 27866
      4 27939
      2 27942
      2 27943
      1 27948
      2 27967
      2 27972
      4 27997
      2 28120
      2 28186
      4 28286
      2 28307
      2 28308
      2 28347
      2 28348
      2 28358
      2 28363
      2 28447
      2 28451
      2 28452
      2 28528
      2 28597
      1 28818
      2 28927
      2 28944
      1 30650
      1 30783
      2 31369
      1 31433
      2 32003
      2 32030
      2 32036
      2 32046
      1 32064
      2 32074
      2 32093
      2 32117
      2 32134
      2 32166
      6 32175
      2 32191
      2 32192
      2 32199
      4 32206
      4 32237
      2 32247
      2 32249
      2 32262
      2 32265
      2 32268
      2 32278
      4 32294
      6 32326
      2 32327
      2 32356
      2 32358
      2 32366
      2 32376
      5 32379
      2 32395
      2 32419
      2 32429
      2 32430
      2 32443
      4 32445
      2 32452
      6 32457
      2 32462
      4 32467
      4 32473
      4 32477
      4 32479
      2 32488
      4 32498
      2 32504
      2 32507
      2 32512
      4 32521
      2 32541
      2 32542
      2 32543
      6 32547
      2 32558
      2 32576
      2 32577
      4 32580
      4 32593
      2 32594
      2 32604
      2 32610
      4 32617
      6 32621
      8 32637
      2 32641
      2 32644
      2 32795
      2 32879
      4 32890
      2 32968
      2 32970
      2 33119
      1 33130
      2 33561
      2 33602
      2 33648
      6 33668
      2 33715
      2 33727
      8 33734
      4 33788
      2 33794
      4 33800
      2 33810
      6 33811
      2 33836
      2 33926
      2 33929
      2 33954
      2 33959
      2 33970
      4 33994
      2 33998
      2 33999
      2 34007
      4 34015
      2 34032
      4 34077
      2 34082
      2 34089
      4 34124
      2 34125
      2 34126
      4 34156
      4 34157
      6 34169
      4 34173
      2 34181
      2 34189
      4 34191
      4 34199
      2 34201
      2 34202
      2 34206
      2 34219
      2 34239
      1 34272
      2 34273
      2 34275
      2 34276
      2 34285
      6 34295
      2 34296
      4 34302
      4 34317
      4 34321
      2 34330
      2 34856
      1 34908
      2 34931
      1 34937
      1 34956
      2 35592
      2 35653
      2 35680
      2 35710
      4 35735
      2 35740
      2 35761
      2 35765
      4 35768
      4 35787
      2 35800
      2 35818
      4 35924
      2 37303
      1 37307
      2 39311
      2 39667
      1 39946
      1 40449
      2 41353
      2 46170
      2 48445
      2 48574
      2 48586
      2 48619
      2 48638
      2 48704
      3 48779
      1 48786
      1 48878
      2 49183
      2 49229
      2 49239
      2 49271
      4 49277
      4 49287
      2 49296
      2 49323
      2 49331
      2 49332
      2 49344
      2 49361
      2 49366
      4 49376
      4 49378
      4 49385
      4 49387
      2 49395
      2 49398
      2 49404
      6 49413
      4 49421
      4 49422
      2 49423
      4 49431
      2 49439
      2 49445
      4 49447
      6 49449
      2 49451
      6 49452
      2 49455
      2 49466
      2 49492
      4 49496
      4 49516
      2 49518
      2 49519
      4 49522
      8 49525
      4 49530
      6 49532
      2 49533
      2 49539
      2 49545
      2 49550
      2 49553
      2 49558
      2 49562
      4 49568
      4 49616
      2 49642
      2 49652
      2 50032
      2 50058
      2 50108
      2 50206
      2 50223
      6 50238
      2 50239
      2 50244
      2 50270
      2 50272
      4 50288
      2 50308
      2 50319
      4 50321
      2 50335
      2 50340
      2 50357
      2 50358
      2 50360
      4 50367
      2 50369
      4 50374
      2 50378
      2 50379
      2 50386
      2 50389
      2 50395
      2 50398
      6 50409
      1 50410
      4 50414
      2 50416
      2 50421
      2 50426
      2 50435
      2 50441
      2 50447
      6 50460
      2 50462
      2 50469
      2 50485
      2 50487
      2 50491
      4 50496
      6 50502
      5 50507
      2 50548
      4 50561
      2 50577
      2 50600
      2 50668
      2 50743
      2 50744
      6 50845
      2 50850
      2 50856
      2 50873
      2 50886
      2 50902
      4 50931
      2 50966
      2 52225
      2 52289
      2 52305
      2 52308
      2 52317
      2 52347
      4 52378
      2 52390
      2 52432
      4 52438
      2 52456
      2 52460
      2 52463
      2 52485
      1 52504
      4 52511
      2 52525
      4 52530
      6 52533
      2 52538
      4 52539
      2 52551
      4 52553
     10 52580
      2 52582
      2 52594
      2 52609
      2 52613
      2 52620
      4 52639
      4 52653
      2 52712
      4 52732
      2 52755
      6 52769
      2 52792
      4 52801
      4 52810
      4 52841
      2 52852
      2 52945
      2 52954
      2 54074
      2 54222
      2 54320
      2 54328
      2 54337
      2 54356
      2 54377
      2 54397
      2 54437
      2 54459
      2 54507
      8 54511
      2 54547
      4 54601
      2 55041
      2 55120
      1 55131
      2 55149
      2 55162
      2 55174
      1 55184
      2 55205
      2 55230
      2 55232
      3 55242
      6 55254
      2 55258
      2 55272
      2 55276
      4 55280
      6 55285
      2 55294
      4 55299
      2 55321
      1 55978
      1 56040
      1 56749
      2 57687
      2 57719
      2 57840
      2 57874
      2 57891
      1 57895
      2 57912
      4 57917
      2 57918
      1 57920
      2 57926
      2 57928
      2 57929
      2 57938
      4 57947
      2 57951
      2 57965
      2 57966
      2 57967
      2 57997
      2 58047
      4 58061
      2 58067
      4 58083
      2 58095
      2 58101
      2 58117
      2 58124
      2 58219
      2 58809
      4 58818
      2 58830
      2 58833
      2 58852
      2 58900
      4 58913
      2 58919
      2 58926
      4 58928
      4 58939
      2 58945
      2 58980
      8 58988
      2 58998
      2 59004
      6 59010
      2 59028
      2 59030
      2 59039
      2 59042
      2 59075
      2 59080
      2 59081
      2 59097
      2 59127
      4 59128
      4 59180
      2 59189
      6 59226
      2 59238
      2 59255
      2 60365
      2 60685
      2 67337
      2 67364
      2 67412
      6 67413
      2 67416
      2 67422
      6 67425
      2 67429
      4 67453
      2 67458
      2 67464
      2 67481
      2 67486
      2 67487
      2 67488
      1 67490
      4 67492
      4 67493
      2 67494
      5 67507
      2 67508
      2 67511
      2 67523
      2 67525
      2 67526
      2 67528
      1 67529
      1 67530
      4 67532
      2 67548
      4 67549
      4 67552
      6 67560
      2 67563
      2 67564
      2 67572
      2 67573
      2 67574
      4 67576
      1 67579
      1 67580
      6 67581
      6 67584
      2 67585
      2 67587
      3 67590
      2 67592
      4 67596
      2 67597
      4 67598
      1 67600
      2 67601
      2 67604
      2 67609
      1 67610
      3 67611
      1 67613
      4 67615
      8 67616
      2 67621
      2 67623
      1 67626
      3 67627
      2 67629
      4 67630
      2 67632
     10 67633
      4 67634
      2 67635
      2 67636
      4 67639
      2 67642
      2 67643
      2 67644
      1 67645
      1 67648
      2 67649
      4 67652
      1 67655
      4 67657
      1 67660
      4 67661
      2 67663
      4 67664
      2 67665
      4 67666
      6 67668
      8 67669
      2 67670
      1 67671
      2 67673
      1 67674
      2 67677
      5 67678
      4 67680
      2 67681
      4 67682
     18 67685
      2 67686
      2 67688
      5 67689
      1 67691
      2 67693
      3 67694
      2 67695
     10 67696
      1 67697
      3 67699
      2 67700
      1 67702
      5 67703
     12 67704
      8 67705
      7 67706
      5 67708
      2 67709
      4 67710
      2 67711
      4 67712
      3 67713
      5 67714
      4 67715
      2 67716
      6 67717
      8 67719
      2 67721
      5 67722
      2 67723
      3 67724
      5 67725
      2 67726
      3 67727
      6 67728
      5 67729
      6 67730
      2 67731
      8 67733
      3 67735
      3 67736
      8 67738
      1 67739
      6 67740
      7 67741
      2 67742
      6 67744
      4 67746
      3 67747
      3 67748
      6 67749
      7 67751
      6 67752
      1 67753
      9 67754
      8 67755
      2 67757
      7 67758
      4 67759
      8 67760
      5 67761
      6 67762
      6 67763
      6 67764
      6 67765
      2 67766
      2 67767
      1 67768
      2 67769
      4 67770
      3 67771
      4 67772
      3 67773
      2 67774
      2 67776
      2 67777
      2 67778
      5 67779
      4 67780
      2 67781
      3 67782
      6 67783
     12 67784
      2 67786
      2 67787
      6 67788
      1 67789
      8 67790
     10 67791
      3 67792
      5 67793
      8 67794
      5 67795
      3 67796
      8 67797
      1 67798
      5 67799
      4 67801
      2 67802
      2 67803
      4 67804
      2 67805
      1 67806
      4 67807
      5 67809
      4 67810
      3 67811
      2 67812
     11 67813
      4 67815
      1 67816
      6 67817
      3 67818
      3 67819
     12 67821
      7 67822
      7 67824
      2 67825
      3 67826
      4 67827
      4 67828
      2 67830
      4 67831
      7 67832
      4 67833
      6 67834
      1 67835
      2 67839
      2 67840
      6 67842
      2 67843
      2 67846
      2 67847
      1 67850
      1 67851
      3 67852
      1 67853
      2 67854
      1 67855
      2 67856
      1 67857
      2 67858
      5 67859
      2 67860
      3 67861
      8 67864
      1 67866
      3 67867
      2 67868
      7 67869
      1 67870
      1 67871
      2 67872
      8 67873
      1 67876
      4 67877
      3 67878
      6 67880
      2 67884
      2 67885
      3 67888
      1 67890
      3 67891
      5 67894
      2 67895
      3 67896
      5 67898
      1 67900
      1 67901
      2 67911
      1 67913
      1 67914
      1 67922
      1 67937
      2 68855
      2 68864
      2 69038
      2 69091
      2 69093
      2 73937
      2 73974
      4 73991
      2 74039
      2 74040
      2 74045
      2 74056
      2 74105
      2 74130
      4 74162
      6 74169
      2 74189
      4 74194
      2 74204
      6 74237
      2 74239
      4 74241
      2 74257
      2 74309
      2 74359
      2 74416
      2 74427
      2 74457
      8 74460
      4 74461
      2 74465
      2 74573
      2 75334
      2 75375
      2 75408
      2 75459
      2 75504
      2 75522
      6 75523
      2 75562
      4 75563
      2 75564
      2 75565
      2 75605
      2 75691
      2 77479
      2 77526
      2 77553
      2 77554
      2 77560
      2 77563
      4 77572
      2 77574
      2 77579
      2 77603
      2 77615
      2 77619
      2 77623
      4 77624
      2 77628
      4 77629
      2 77637
      2 77651
      2 77652
      2 77666
      2 77667
      2 77672
      2 77678
      3 77695
      2 77710
      3 77716
      2 77720
      3 77723
      2 77726
      2 77727
      4 77728
      1 77729
      2 77733
      2 77741
      3 77772
      2 77773
      2 77787
      1 77792
      6 77802
      1 77808
      2 77815
      1 77828
      1 77850
      1 77856
      2 77865
      3 78814
      2 88589
      2 88673
      2 88695
      2 88812
      4 88836
      2 88888
      2 88891
      2 88940
      2 88952
      1 88965
      4 88973
      2 88975
      2 88981
      1 88984
      4 88987
      6 88993
      2 88996
      2 89006
      3 89013
      2 89018
      2 89048
      4 89061
      2 89078
      2 89098
      2 89126
      2 89127
      2 89140
      2 89151
      2 108129
      2 114556
      2 114623
      1 114654
      2 114718
      1 172066
      1 188123
      1 188146
